MDSTEP:  20
LATTICE_CONSTANT: 0.999999535502 Angstrom
LATTICE_VECTORS
  20.076384618700  0.000000000000  0.000000000000
  -10.038192309400  17.386659230000  0.000000000000
  0.000000000000  0.000000000000  30.000000000000
VIRIAL (kbar)
  29.887045651680  1.069440219443  1.865206450752
  1.069440219443  31.212608870312  -3.692297700421
  1.865206450752  -3.692297700421  -6.968042302990
INDEX    LABEL    POSITION (Angstrom)    FORCE (eV/Angstrom)    VELOCITY (Angstrom/fs)
  0  Ti  6.322539044248  9.421514804344  16.374910664744  -5.233684864618  -2.139761884786  2.292331854910  0.003188270395  0.001643867176  0.002529721434
  1  N  4.729086867466  10.235458733624  15.342455241115  9.193338410168  -5.315402385885  4.523675464173  -0.000873533087  -0.008341931029  -0.002253677793
  2  N  0.328313636258  1.280299952491  15.004215160115  -20.409228643732  8.971143194107  0.321651776541  0.017382018136  -0.019678104461  0.005404064401
  3  N  2.230508759685  1.696314692344  14.951954007744  13.063884976906  -7.013507813845  0.474930900309  -0.015329998906  0.012817515306  -0.003957139033
  4  N  4.946446062465  1.185073022890  15.036463333032  1.553567003150  8.145733209539  -2.166454647867  -0.007677223064  -0.016175734012  0.005092672502
  5  N  7.518899711165  1.445702324977  14.949234869208  3.399150338655  1.888266470727  -0.141483967561  0.010171526095  0.008024321691  -0.006309057608
  6  N  10.283761478052  1.401213058506  15.194030369656  -8.257911114440  2.250968728716  -4.157036286801  0.020999463180  -0.003495800211  0.008924408986
  7  N  12.395171830767  1.411535563050  15.269884029534  4.296485610608  4.719568714965  -4.292067740275  -0.012878735190  0.008955639685  0.024691672621
  8  N  14.751197464001  1.553838407751  15.070804384864  8.332150793048  -2.412923124701  -1.323209852828  -0.026681919255  0.010797608748  0.004308314810
  9  N  17.542988146630  1.724944787207  14.764504136958  0.644248689541  -8.015898385575  5.785380539180  0.003194149698  0.029679686226  -0.015743463027
  10  N  -1.298576292830  3.435509552011  14.948511699613  9.355987164857  6.907337952193  -1.249481678236  0.026483981431  -0.012015989042  -0.007988179881
  11  N  1.217581345670  3.714529504350  15.077612191284  0.299335803383  -4.022301775694  -3.505963061103  -0.004165050610  -0.005053813473  0.007596630005
  12  N  3.837559639259  3.637891874904  14.871026260583  -3.012998263376  -2.225098981616  -0.256748217932  -0.002974324849  -0.003848070026  -0.002419272586
  13  N  6.231972372193  3.456479860916  14.858168037422  -2.477945681318  4.580162798535  -0.591785853328  -0.017153097155  -0.008654221380  -0.007127313836
  14  N  8.818801123278  3.726406068071  15.124055556691  -1.263303660865  -5.884038377228  -4.947679904849  -0.003705677832  0.003008169368  0.016302036643
  15  N  11.351576902989  3.779848499797  15.212371169970  -1.164838760864  -8.504511100819  -3.810024020362  0.005032336354  0.003316714851  0.007274251929
  16  N  13.870874569836  3.444291217354  15.014577004613  -1.826618138709  9.298098156786  0.645886789734  0.007830325972  -0.002771279315  0.002644687776
  17  N  16.429450375907  3.599420785256  15.026480928304  -10.630176756325  0.708120888490  -0.339577884880  -0.007349949464  -0.011829795007  0.000325543581
  18  N  -2.503544005192  5.900050867835  15.028796107124  0.162060687989  -5.546972808940  -1.326153621497  0.012314139316  0.000929656216  0.004220458218
  19  N  -0.187792750618  5.709839718482  15.017523593066  3.391434765254  3.029162153130  -1.669815156539  -0.027459359939  0.002057662788  0.006411544403
  20  N  2.493836740296  5.892858721648  15.043661919233  -1.757938885299  -5.807632848896  -2.373905626087  -0.009753824897  0.002675134777  0.003604275023
  21  N  4.905570954090  5.653594738256  14.892342029335  6.421854312548  5.974737091595  -0.466366982268  0.003266501103  0.006109103877  -0.001957689995
  22  N  7.681978714889  5.763522220066  14.850852691262  -4.471738602713  1.906029494916  0.661529091670  0.016570748316  0.008071485672  -0.001682808860
  23  N  9.919140051032  5.732220106637  15.030467226193  6.045592154369  6.164929363111  1.214066952150  0.000051437122  0.008726402515  0.009802347096
  24  N  12.522212073551  5.646259002124  14.717420241857  -0.579028271514  4.399180791783  5.495483973840  -0.009382345289  -0.014749082493  -0.015015199022
  25  N  14.997929573461  5.908466143362  14.830160042194  -0.994399668569  -4.671386446614  4.239739284436  -0.010676647676  0.001774041734  -0.013464229379
  26  N  -3.793298192676  7.911960643183  15.037307962616  2.600360805976  0.091863631426  -1.058213641129  0.004585591463  -0.012199046919  0.001329848841
  27  N  -1.045734496638  7.719812064861  14.981247762282  -9.330434985855  9.381800516136  -0.914298497174  0.021145596125  -0.005631092319  0.002030138461
  28  N  1.114721800116  8.133481905953  15.023744329771  11.028551060146  -9.150953335521  -0.062190573195  0.015465556579  -0.005216025486  0.002242527778
  29  N  3.855980809491  7.987714533086  15.170277972245  -6.125440864470  0.341915492091  -0.781514875797  -0.008043490113  0.004468635383  0.013255059752
  30  N  6.265997694173  7.766899069949  15.422362968826  -2.614576195604  0.925140815616  0.414198737785  -0.009512870852  0.003003961488  -0.004186108624
  31  N  9.006361804047  7.931740412719  14.972171287085  -16.085579055801  9.524291739301  3.166500768999  -0.007095685118  0.015393523344  -0.012015917355
  32  N  11.187158869999  8.001372735861  14.838127907983  4.988945462213  -5.483472231140  3.788670903135  -0.001725200615  -0.020100392838  -0.011046200578
  33  N  13.918517364630  8.137119864016  14.872146040018  -7.322657520987  -0.981126981635  0.481953339000  -0.015756452336  0.022100605151  -0.006522768985
  34  N  -5.058778342997  10.307353575587  15.086780076436  1.372702713517  -6.258796385156  -3.281317576183  -0.005298248016  0.006072579295  0.005387105031
  35  N  -2.602664772724  10.106883741675  15.102769357979  3.361849610801  -5.946619376440  -1.655973260329  -0.001448378931  -0.037185858048  0.006223694700
  36  N  0.029115044601  9.921477059776  14.919794114775  -2.545562292670  6.071507490339  -0.166927541236  -0.001232364391  -0.018121536754  0.001184415155
  37  N  2.610171458770  10.091213199958  14.823857435566  -2.760518694412  2.339481136164  2.262279383552  0.017582134847  -0.002414471686  -0.003403179219
  38  N  7.474625224605  10.155249116076  15.507709783695  9.355651252640  3.703432177035  -3.768326811554  -0.003937874891  0.000490980187  0.008509362464
  39  N  10.149464119152  10.113287328271  14.953950076711  -0.894690329566  4.188491266793  0.870562159919  0.014721531745  0.008684906763  -0.002416058501
  40  N  12.724448926512  10.291110324181  15.093666422775  -6.472439720745  -8.005619338739  -1.927489097064  0.009070650992  0.006896663559  0.013396847136
  41  N  -6.455192614067  12.177318696026  14.929207419793  8.537474205722  8.203926337690  0.272534753015  -0.020047184207  -0.001317948264  -0.013763080863
  42  N  -3.765168737542  12.376916000405  15.039767701304  -0.659298448985  0.476631059020  -1.242534835247  -0.003054130022  0.008350935569  0.005508778303
  43  N  -1.203348833215  12.595589024686  14.966106810254  -6.789845727433  -23.173896218660  -1.115885641164  -0.011479598763  -0.008938796739  -0.007490980701
  44  N  0.986752817836  12.538431914961  14.841405356281  12.624549774906  -4.875935798367  1.034617847719  -0.010560927897  0.027200754613  -0.007100234646
  45  N  3.910909200431  12.325225797770  14.958761934164  -12.314252854431  4.864535924078  0.104012259999  -0.015705517692  0.015469974218  -0.007954461304
  46  N  6.148321556448  12.115168998928  15.186210763830  0.040325468834  5.700555420368  1.055887914375  -0.025429412035  -0.008245323134  0.006895523788
  47  N  8.825761309614  12.403010176599  14.887656251792  -3.469634101195  -0.121609323518  2.461002415297  -0.007759037766  0.010965302284  0.000605950730
  48  N  11.207552209202  12.339212460381  14.957399664871  5.758113571627  -1.835657243555  -0.346855420195  0.006635874132  0.001226419830  0.005207942532
  49  N  -7.506785717602  14.198675186394  14.821106047019  3.653237158788  6.428150333373  2.644022526809  0.007305631669  -0.031823510912  -0.005533526033
  50  N  -5.108547726669  14.564963672547  15.106819765824  4.648463228258  -1.624809001612  -1.710047285945  0.003439889946  0.005900508313  0.000378446200
  51  N  -2.366316817800  14.482837375999  15.070739344931  -5.923351178238  -1.115370040010  -1.750973715962  0.009721290863  -0.012140022787  0.008179589763
  52  N  0.071016082426  14.363346429246  15.025255518992  -3.978997813363  8.767886382692  -0.806477125480  0.002542337544  -0.006461061317  0.008486844047
  53  N  2.446966445125  14.541090735196  14.991128597061  8.793409112475  2.520751188534  0.305091519039  0.026486040604  0.017510769859  0.003947600695
  54  N  5.166710875897  14.417662060505  15.028152907445  -6.752086359844  0.837851695590  -0.449965640003  -0.004042632762  -0.010294797103  0.004000815931
  55  N  7.652729350359  14.702345559839  14.738891150496  0.239954186071  -5.539217855026  7.434729775573  0.020059269341  0.024772672902  -0.015555890964
  56  N  10.102912223755  14.415394501712  14.800217788063  2.129344952261  2.326290613245  1.306730141710  0.023287621358  -0.008528404809  -0.009228289252
  57  N  -8.941655848269  16.890247402052  14.932452178085  4.288567912127  -18.361013917315  1.713015853372  -0.016505828344  -0.008472149634  -0.007892932441
  58  N  -6.234105481046  16.715336864623  14.958837454143  -3.619213457385  0.265563214163  1.903488726397  0.001877841742  0.019239373690  -0.011769402455
  59  N  -3.609081780144  16.644535502093  15.148134173944  1.363122043884  0.124676555531  -3.580837154943  0.039558231168  0.002174046079  0.016441705244
  60  N  -1.416810260271  16.715949794308  15.004840259804  8.750386930091  -1.285735052765  -0.822813902143  -0.003671752864  0.003415506606  -0.003216197037
  61  N  1.305006149437  16.761714430069  15.126730145271  -12.828183598634  -7.605971718856  0.073815423427  -0.023699877047  -0.014036151100  0.004447737173
  62  N  3.577312496978  16.543842595369  15.106574525928  10.076982517115  4.298803118195  -2.966292603932  -0.008293742514  -0.003807657300  0.008132315854
  63  N  6.483254209203  16.428261626552  14.883407534062  -12.915036061216  9.429214577894  0.845986438815  -0.008392481041  -0.008893164204  -0.015137605749
  64  N  8.656885888985  16.762277719788  14.847793872897  6.204210609242  1.169397327105  2.574286351399  -0.002506884640  0.020547426135  -0.008544406175
  65  B  1.405586006201  0.695239382085  15.033668904527  2.202616290238  1.080241703580  0.474498776999  0.012351882577  0.008998640559  0.001928085355
  66  B  3.568778381473  0.858040675949  15.058066351636  2.963464232871  -3.983728815006  -1.316798081930  -0.024051929259  -0.002893160991  0.002836782485
  67  B  6.421642171832  0.675676402443  14.740891399443  -4.996091699965  -2.448895343179  3.916085480324  -0.004569359995  -0.019997434583  -0.018454189182
  68  B  8.832277466145  0.842915823946  15.207580622513  1.196711250516  -3.022718836388  -2.368226322181  0.017420997740  0.007651576745  0.020690084195
  69  B  11.458491156415  0.553390877165  14.771731713124  -5.987542809063  11.052770544273  1.964208993352  0.000604944512  0.019874520450  -0.026784332891
  70  B  13.567923720149  0.946971278887  14.751770933690  3.995298408642  -5.166755780763  4.149925066990  -0.027411076381  0.001303063614  -0.016142296801
  71  B  16.524267325743  0.692208893708  15.289034719409  -2.921435687070  0.548932165226  -5.205338778871  0.013475117101  -0.008788389141  0.017919122457
  72  B  18.843502198447  0.768124393527  15.225293583142  1.778801646315  1.667890233264  -4.867670336006  0.008487685319  0.018982874119  0.015136571461
  73  B  0.149482420895  2.627707749483  14.759887959406  -1.241472893140  5.812594031387  3.420039261730  0.018949479048  -0.019951767976  -0.019173391545
  74  B  2.669029787625  2.876530447794  14.928527570152  -4.443422212921  9.413146258427  0.522542127268  0.001406672463  0.048517401440  -0.000664674168
  75  B  4.895962989165  2.762735338032  14.831638431452  5.655740778232  -0.873609152092  1.168535343677  0.006415469570  -0.025035373336  -0.006765538617
  76  B  7.416106265565  2.863882344496  14.887710281752  4.625792285334  0.667234151091  1.273656636348  0.000645177734  0.002848132833  -0.000060277538
  77  B  9.979352559141  2.914264857832  14.599123704480  2.757351605134  -0.675592974935  8.138461570375  0.006593394809  0.000389398491  -0.028000212647
  78  B  12.631175855870  2.929787189626  14.870620330794  -5.522859969837  -0.458387517254  4.065988915594  -0.012830132178  -0.007437264874  -0.005882021354
  79  B  15.087863635845  2.929479589785  14.864079554259  1.949933846067  -3.395529479293  1.919327313043  0.016235927896  -0.012254596815  -0.015132933886
  80  B  17.584305674777  3.169235532907  15.255712327043  2.005486633097  -11.955674851228  -0.824809034639  -0.018338315963  -0.014112644636  0.028151523404
  81  B  -1.348919456190  4.966317811932  14.923192692969  0.638502468476  1.256504337771  0.912242034791  -0.017925103592  -0.015951510180  -0.001202488014
  82  B  0.899266114107  5.015767325779  14.704439218749  6.248158970562  -0.548808048078  3.323143045284  -0.006197698401  0.008111957155  -0.024911920454
  83  B  3.694491104947  5.048102118668  14.874835158587  -0.747658635909  0.421611793162  0.784374995111  -0.019508789197  0.002407275119  -0.001131327491
  84  B  6.421707851781  5.139535570282  14.903977403157  -4.836708054540  -4.154147777773  -0.972476890175  -0.001977859028  -0.009516429307  0.000400376610
  85  B  8.919111980205  5.072635525663  14.663926910208  -8.779780682930  -3.807465568869  1.896900962392  -0.016600370824  -0.011141560103  -0.023228794868
  86  B  11.058672157986  5.041908301944  15.004348230015  7.938831028832  2.185685827474  -0.521424983659  -0.007732104832  0.006623683006  -0.001053183165
  87  B  13.794223970403  5.096457113055  15.353769855115  0.840011069592  -0.807412272894  -7.164494975836  0.006758381994  -0.009358943918  0.025170276136
  88  B  16.567418222881  4.877366429012  14.955844985709  -4.970136425365  12.310649302553  -0.303080698820  0.014444692239  0.022664728836  -0.009514697727
  89  B  -2.347841777597  7.358583936012  14.821928996571  -4.733194436477  -4.929673973418  2.561720282475  -0.003125857607  -0.011019793087  -0.013136283552
  90  B  0.168278060951  7.305036694335  14.943130632437  -3.260298971843  -8.511542406618  0.377145305959  0.008805379964  -0.026382239853  -0.000579645874
  91  B  2.583160773058  7.177248681967  14.851698250822  -0.939409664022  5.798447571637  2.564220316733  0.005421989182  0.011237908078  -0.010625417636
  92  B  4.926127073211  7.281697746704  14.966375760119  6.181992052722  -6.311474087892  1.864554043149  0.011233321995  -0.018083071152  -0.016873397730
  93  B  7.451918956606  7.155085823695  15.416721701811  5.601396142390  -1.392494879238  -4.623552921673  0.018196110271  -0.017576137839  0.019152870298
  94  B  9.894192874221  7.146180238406  15.176850148759  11.572096083485  -3.428627803624  -1.265597054091  0.028075502701  -0.026485490063  0.012010462411
  95  B  12.535117336703  7.093822556099  15.218602986661  -1.119303980910  2.735082370259  -6.331794342696  -0.010922802291  -0.012364909760  0.017988874346
  96  B  14.891151209945  7.312590380345  15.154853480392  6.958323529233  -3.241862161009  -2.430473015419  0.021411135741  -0.010884001017  0.016106031841
  97  B  -3.811482313048  9.245508567485  14.853204330032  -1.270804153678  7.536433554653  3.088448453389  -0.015691813366  0.003431511332  -0.011377681330
  98  B  -1.294993014713  9.282564677888  14.968109479202  3.990852071623  0.859961547287  0.667906287173  0.015218896578  -0.020947929743  0.003964487483
  99  B  1.411992642802  9.335153700038  14.808742703547  -3.525045226210  8.893476899135  -0.004993500893  0.010633142837  0.033330689542  -0.015764499564
  100  B  3.828793133877  9.388811381655  15.327349989100  -8.387010357422  -3.156481457123  -3.242087360074  -0.022873125679  -0.010637424827  0.017000788174
  101  B  8.941239028495  9.555739823306  15.346799408809  -1.789970599942  -3.660041799482  -2.550742719365  0.007554795743  0.003480990999  0.016937060838
  102  B  11.404505005019  9.346195064194  15.076881481636  -0.229283823141  3.374412987389  -1.237271445317  0.011978106115  0.013079312722  0.010335477179
  103  B  13.824909254175  9.537358833035  14.611364937986  1.849847542186  0.978299389347  5.623490745985  0.015428245122  0.022872426013  -0.029882695212
  104  B  -5.275220018455  11.667442465854  15.179519297345  10.582766813377  -2.373181077414  -1.246691882333  0.014339741537  0.000236444583  0.021092571505
  105  B  -2.389587645487  11.387251544112  14.828412303130  -4.122860566757  9.378634037395  1.957922499245  -0.001226591246  0.028396939089  -0.019477170960
  106  B  -0.120119996418  11.893462636249  15.009519307326  1.800205485569  -8.097748217341  -0.521752197936  -0.009065810089  0.001761178925  0.006275978968
  107  B  2.351494055663  11.583561380237  15.195640918811  1.500371123533  0.149472746028  -5.035971663477  -0.025650564706  0.001438993334  0.020970069116
  108  B  4.800920469475  11.457150967145  15.169741662512  8.588688265168  5.751754163876  -0.194268937981  0.013957876235  -0.008852486083  -0.003369339324
  109  B  7.420073763446  11.765354074056  15.164877195112  4.533694219080  -3.537367177912  -0.078313988899  -0.006291879148  0.000812720599  0.000176716739
  110  B  10.066168503204  11.728139203728  14.831509811489  -3.571695434529  -6.261416261539  1.006018544256  -0.015329099352  -0.008455601454  -0.011044359376
  111  B  12.537720065342  11.599545531772  14.877363007242  -11.139582174472  -2.530941896679  0.812931959743  -0.042581027274  -0.006000158882  -0.010528844744
  112  B  -6.218656249242  13.519588855741  15.067015176901  -2.584659110839  8.044710949744  -1.841917803944  -0.000448107270  -0.000806285706  0.003030715312
  113  B  -3.741733009956  13.921820352897  14.839642607179  -1.024858213078  -4.789686274775  3.677055057377  0.003014302778  0.009230763191  -0.010717717576
  114  B  -1.264143051053  13.747123505336  14.995930374516  3.116040497517  15.490953983936  0.647443458081  0.015990657205  0.046222538288  0.005111089877
  115  B  1.359895800362  13.906365261074  14.849768651840  -5.790265837253  -4.986666638254  0.360030574150  -0.018043153865  -0.005866890030  -0.011720291994
  116  B  3.888453322308  13.737147780604  14.970813717767  -2.971235842283  0.375058896831  0.326643557899  0.009606949176  -0.004376890120  0.000618258107
  117  B  6.338863625602  13.933400856773  15.355244414348  5.922627354157  -4.141443852548  -3.704731848488  0.050747283834  -0.002928334576  0.029351625907
  118  B  8.974536190884  13.837312997597  15.244629792867  -6.596081932382  -2.615981779549  -4.741933929596  -0.012856335577  0.001895212807  0.026315608420
  119  B  11.359306058919  13.686480517434  14.930436809142  -1.706215920124  1.537246095685  -0.860305804345  -0.000405521786  -0.008546365968  0.002070917392
  120  B  -7.531456644530  16.106577876756  15.327442629054  -0.004801650298  -2.399468153847  -5.674037527492  -0.005879267281  0.019734235463  0.026107912854
  121  B  -4.788856605839  16.065345718590  14.929276099794  -8.685700247788  -3.469771514539  1.975597427511  -0.008028677821  0.009760738188  -0.008206973149
  122  B  -2.380145660466  15.761805839198  14.798260759100  -3.053371747468  7.891831930429  2.987179820034  0.008948925002  0.004695130482  -0.013750661794
  123  B  -0.088904852944  15.783160777912  14.906614261733  0.407342046996  4.337034335870  2.334006634285  -0.013962284418  -0.000275590906  -0.010082581920
  124  B  2.353306504685  16.135444121482  15.093647212784  6.948571229546  -12.540239904714  -0.055375440197  0.003617593371  -0.011598960563  0.011627336422
  125  B  4.872958471342  15.737624812022  14.818345828448  1.255971595378  6.254873943207  2.441122558356  -0.008783127236  0.004486843741  -0.017947746319
  126  B  7.604999295601  16.157231429967  15.412572054031  0.798625072595  -7.522163199210  -2.734452524520  0.027394426923  -0.014822589446  0.037075747196
  127  B  9.748002181591  15.738522961537  14.880565765564  4.052964609201  7.391697915507  -0.624156203419  -0.029454937461  0.011091259364  -0.015770133273


MDSTEP:  20
LATTICE_CONSTANT: 0.999999535502 Angstrom
LATTICE_VECTORS
  20.076384618700  0.000000000000  0.000000000000
  -10.038192309400  17.386659230000  0.000000000000
  0.000000000000  0.000000000000  30.000000000000
VIRIAL (kbar)
  29.887045651696  1.069440219456  1.865206450734
  1.069440219456  31.212608870279  -3.692297700423
  1.865206450734  -3.692297700423  -6.968042302876
INDEX    LABEL    POSITION (Angstrom)    FORCE (eV/Angstrom)    VELOCITY (Angstrom/fs)
  0  Ti  6.322539044248  9.421514804344  16.374910664744  -5.233684865919  -2.139761884406  2.292331854283  0.003188269765  0.001643867645  0.002529722495
  1  N  4.729086867466  10.235458733624  15.342455241115  9.193338411359  -5.315402386669  4.523675465098  -0.000873533778  -0.008341932010  -0.002253677551
  2  N  0.328313636258  1.280299952491  15.004215160115  -20.409228643670  8.971143194249  0.321651776531  0.017382017235  -0.019678105349  0.005404065272
  3  N  2.230508759685  1.696314692344  14.951954007744  13.063884977123  -7.013507813790  0.474930900296  -0.015329998783  0.012817515288  -0.003957140066
  4  N  4.946446062465  1.185073022890  15.036463333032  1.553567003165  8.145733209604  -2.166454647884  -0.007677222017  -0.016175733582  0.005092671629
  5  N  7.518899711165  1.445702324977  14.949234869208  3.399150338655  1.888266470736  -0.141483967551  0.010171525807  0.008024320952  -0.006309058036
  6  N  10.283761478052  1.401213058506  15.194030369656  -8.257911114562  2.250968728686  -4.157036286835  0.020999463698  -0.003495799946  0.008924408915
  7  N  12.395171830767  1.411535563050  15.269884029534  4.296485610467  4.719568715064  -4.292067740291  -0.012878735611  0.008955640381  0.024691672287
  8  N  14.751197464001  1.553838407751  15.070804384864  8.332150793031  -2.412923124557  -1.323209852773  -0.026681919117  0.010797607753  0.004308314668
  9  N  17.542988146630  1.724944787207  14.764504136958  0.644248689476  -8.015898385406  5.785380538988  0.003194150276  0.029679687002  -0.015743463490
  10  N  -1.298576292830  3.435509552011  14.948511699613  9.355987164966  6.907337952308  -1.249481678241  0.026483981278  -0.012015989334  -0.007988180309
  11  N  1.217581345670  3.714529504350  15.077612191284  0.299335803450  -4.022301775594  -3.505963061158  -0.004165051585  -0.005053813875  0.007596629696
  12  N  3.837559639259  3.637891874904  14.871026260583  -3.012998263352  -2.225098981612  -0.256748217929  -0.002974324597  -0.003848070581  -0.002419272577
  13  N  6.231972372193  3.456479860916  14.858168037422  -2.477945681354  4.580162798538  -0.591785853340  -0.017153097327  -0.008654220418  -0.007127313257
  14  N  8.818801123278  3.726406068071  15.124055556691  -1.263303660920  -5.884038377347  -4.947679904885  -0.003705678198  0.003008170353  0.016302037691
  15  N  11.351576902989  3.779848499797  15.212371169970  -1.164838760857  -8.504511100886  -3.810024020382  0.005032337320  0.003316715622  0.007274251661
  16  N  13.870874569836  3.444291217354  15.014577004613  -1.826618138736  9.298098156929  0.645886789739  0.007830325331  -0.002771278501  0.002644687805
  17  N  16.429450375907  3.599420785256  15.026480928304  -10.630176756394  0.708120888585  -0.339577884914  -0.007349950119  -0.011829795016  0.000325543623
  18  N  -2.503544005192  5.900050867835  15.028796107124  0.162060688019  -5.546972808918  -1.326153621484  0.012314138699  0.000929656784  0.004220459216
  19  N  -0.187792750618  5.709839718482  15.017523593066  3.391434765350  3.029162153193  -1.669815156580  -0.027459360789  0.002057662693  0.006411544761
  20  N  2.493836740296  5.892858721648  15.043661919233  -1.757938885287  -5.807632848791  -2.373905626132  -0.009753825732  0.002675133890  0.003604274380
  21  N  4.905570954090  5.653594738256  14.892342029335  6.421854312520  5.974737091642  -0.466366982216  0.003266501568  0.006109103147  -0.001957689624
  22  N  7.681978714889  5.763522220066  14.850852691262  -4.471738602867  1.906029494750  0.661529091574  0.016570747309  0.008071485366  -0.001682808531
  23  N  9.919140051032  5.732220106637  15.030467226193  6.045592154391  6.164929363015  1.214066952147  0.000051436973  0.008726403258  0.009802346514
  24  N  12.522212073551  5.646259002124  14.717420241857  -0.579028271438  4.399180791770  5.495483973896  -0.009382344989  -0.014749081702  -0.015015198907
  25  N  14.997929573461  5.908466143362  14.830160042194  -0.994399668567  -4.671386446619  4.239739284534  -0.010676648172  0.001774041778  -0.013464229341
  26  N  -3.793298192676  7.911960643183  15.037307962616  2.600360806068  0.091863631496  -1.058213641127  0.004585591281  -0.012199046503  0.001329848774
  27  N  -1.045734496638  7.719812064861  14.981247762282  -9.330434985895  9.381800516214  -0.914298497188  0.021145597031  -0.005631092827  0.002030139362
  28  N  1.114721800116  8.133481905953  15.023744329771  11.028551060241  -9.150953335544  -0.062190573183  0.015465556822  -0.005216024544  0.002242526894
  29  N  3.855980809491  7.987714533086  15.170277972245  -6.125440864147  0.341915492303  -0.781514875636  -0.008043489494  0.004468635173  0.013255059901
  30  N  6.265997694173  7.766899069949  15.422362968826  -2.614576195938  0.925140817406  0.414198738521  -0.009512871340  0.003003961237  -0.004186108103
  31  N  9.006361804047  7.931740412719  14.972171287085  -16.085579055998  9.524291739293  3.166500768944  -0.007095685819  0.015393522745  -0.012015917140
  32  N  11.187158869999  8.001372735861  14.838127907983  4.988945462404  -5.483472231148  3.788670903146  -0.001725201593  -0.020100393011  -0.011046201559
  33  N  13.918517364630  8.137119864016  14.872146040018  -7.322657520929  -0.981126981634  0.481953339002  -0.015756451807  0.022100604770  -0.006522769121
  34  N  -5.058778342997  10.307353575587  15.086780076436  1.372702713609  -6.258796385125  -3.281317576150  -0.005298248882  0.006072579658  0.005387104109
  35  N  -2.602664772724  10.106883741675  15.102769357979  3.361849610892  -5.946619376441  -1.655973260322  -0.001448380019  -0.037185857894  0.006223694362
  36  N  0.029115044601  9.921477059776  14.919794114775  -2.545562292692  6.071507490402  -0.166927541153  -0.001232365296  -0.018121537484  0.001184415502
  37  N  2.610171458770  10.091213199958  14.823857435566  -2.760518694397  2.339481136224  2.262279383663  0.017582134013  -0.002414470597  -0.003403179704
  38  N  7.474625224605  10.155249116076  15.507709783695  9.355651250603  3.703432176017  -3.768326810376  -0.003937875266  0.000490981135  0.008509362508
  39  N  10.149464119152  10.113287328271  14.953950076711  -0.894690329292  4.188491266884  0.870562159804  0.014721532118  0.008684907149  -0.002416058860
  40  N  12.724448926512  10.291110324181  15.093666422775  -6.472439720651  -8.005619338772  -1.927489097074  0.009070651633  0.006896662886  0.013396846293
  41  N  -6.455192614067  12.177318696026  14.929207419793  8.537474205850  8.203926337716  0.272534752998  -0.020047184008  -0.001317947739  -0.013763080955
  42  N  -3.765168737542  12.376916000405  15.039767701304  -0.659298448921  0.476631059058  -1.242534835215  -0.003054129349  0.008350936543  0.005508779066
  43  N  -1.203348833215  12.595589024686  14.966106810254  -6.789845727473  -23.173896218809  -1.115885641167  -0.011479598312  -0.008938797354  -0.007490981758
  44  N  0.986752817836  12.538431914961  14.841405356281  12.624549774992  -4.875935798508  1.034617847822  -0.010560928108  0.027200753924  -0.007100234027
  45  N  3.910909200431  12.325225797770  14.958761934164  -12.314252854548  4.864535923922  0.104012260111  -0.015705518002  0.015469973768  -0.007954461439
  46  N  6.148321556448  12.115168998928  15.186210763830  0.040325468620  5.700555419892  1.055887914665  -0.025429411756  -0.008245323609  0.006895523100
  47  N  8.825761309614  12.403010176599  14.887656251792  -3.469634101205  -0.121609323604  2.461002415260  -0.007759037257  0.010965302962  0.000605950821
  48  N  11.207552209202  12.339212460381  14.957399664871  5.758113571722  -1.835657243611  -0.346855420190  0.006635874895  0.001226419154  0.005207943216
  49  N  -7.506785717602  14.198675186394  14.821106047019  3.653237158930  6.428150333424  2.644022526855  0.007305631890  -0.031823511875  -0.005533526218
  50  N  -5.108547726669  14.564963672547  15.106819765824  4.648463228343  -1.624809001602  -1.710047285993  0.003439889147  0.005900509069  0.000378446349
  51  N  -2.366316817800  14.482837375999  15.070739344931  -5.923351178281  -1.115370039997  -1.750973715987  0.009721290402  -0.012140022620  0.008179590080
  52  N  0.071016082426  14.363346429246  15.025255518992  -3.978997813401  8.767886382759  -0.806477125486  0.002542336717  -0.006461060942  0.008486844613
  53  N  2.446966445125  14.541090735196  14.991128597061  8.793409112408  2.520751188375  0.305091519061  0.026486039895  0.017510769369  0.003947601737
  54  N  5.166710875897  14.417662060505  15.028152907445  -6.752086359736  0.837851695357  -0.449965639933  -0.004042632814  -0.010294797777  0.004000815114
  55  N  7.652729350359  14.702345559839  14.738891150496  0.239954185821  -5.539217855158  7.434729775340  0.020059268809  0.024772673706  -0.015555890928
  56  N  10.102912223755  14.415394501712  14.800217788063  2.129344952483  2.326290613250  1.306730141642  0.023287621435  -0.008528404164  -0.009228290029
  57  N  -8.941655848269  16.890247402052  14.932452178085  4.288567912329  -18.361013917392  1.713015853435  -0.016505827600  -0.008472149897  -0.007892932651
  58  N  -6.234105481046  16.715336864623  14.958837454143  -3.619213457380  0.265563214164  1.903488726414  0.001877841117  0.019239372820  -0.011769401639
  59  N  -3.609081780144  16.644535502093  15.148134173944  1.363122043894  0.124676555512  -3.580837154953  0.039558230767  0.002174045626  0.016441704212
  60  N  -1.416810260271  16.715949794308  15.004840259804  8.750386930142  -1.285735052798  -0.822813902156  -0.003671753685  0.003415507339  -0.003216197818
  61  N  1.305006149437  16.761714430069  15.126730145271  -12.828183598898  -7.605971718895  0.073815423443  -0.023699876349  -0.014036150640  0.004447736168
  62  N  3.577312496978  16.543842595369  15.106574525928  10.076982517061  4.298803118197  -2.966292603881  -0.008293741570  -0.003807657379  0.008132316281
  63  N  6.483254209203  16.428261626552  14.883407534062  -12.915036061377  9.429214577833  0.845986438559  -0.008392480781  -0.008893164323  -0.015137606739
  64  N  8.656885888985  16.762277719788  14.847793872897  6.204210609371  1.169397327196  2.574286351145  -0.002506885196  0.020547425637  -0.008544407118
  65  B  1.405586006201  0.695239382085  15.033668904527  2.202616290326  1.080241703589  0.474498777311  0.012351882919  0.008998641620  0.001928085799
  66  B  3.568778381473  0.858040675949  15.058066351636  2.963464232933  -3.983728815043  -1.316798081725  -0.024051928215  -0.002893161288  0.002836782323
  67  B  6.421642171832  0.675676402443  14.740891399443  -4.996091700010  -2.448895343448  3.916085480012  -0.004569360807  -0.019997433745  -0.018454188913
  68  B  8.832277466145  0.842915823946  15.207580622513  1.196711250781  -3.022718836283  -2.368226321957  0.017420997500  0.007651575724  0.020690084918
  69  B  11.458491156415  0.553390877165  14.771731713124  -5.987542808986  11.052770544401  1.964208993608  0.000604944483  0.019874520555  -0.026784333648
  70  B  13.567923720149  0.946971278887  14.751770933690  3.995298408461  -5.166755780885  4.149925067026  -0.027411076277  0.001303062695  -0.016142296924
  71  B  16.524267325743  0.692208893708  15.289034719409  -2.921435686673  0.548932165351  -5.205338779027  0.013475117475  -0.008788389274  0.017919121444
  72  B  18.843502198447  0.768124393527  15.225293583142  1.778801646324  1.667890233433  -4.867670335979  0.008487684686  0.018982874889  0.015136571962
  73  B  0.149482420895  2.627707749483  14.759887959406  -1.241472893212  5.812594031719  3.420039261452  0.018949479798  -0.019951767898  -0.019173392083
  74  B  2.669029787625  2.876530447794  14.928527570152  -4.443422212881  9.413146258646  0.522542127077  0.001406671705  0.048517402080  -0.000664674990
  75  B  4.895962989165  2.762735338032  14.831638431452  5.655740778206  -0.873609151929  1.168535343808  0.006415469477  -0.025035373739  -0.006765539296
  76  B  7.416106265565  2.863882344496  14.887710281752  4.625792285156  0.667234151069  1.273656636260  0.000645178295  0.002848132060  -0.000060277429
  77  B  9.979352559141  2.914264857832  14.599123704480  2.757351605432  -0.675592975165  8.138461570477  0.006593394326  0.000389397926  -0.028000212511
  78  B  12.631175855870  2.929787189626  14.870620330794  -5.522859970064  -0.458387517300  4.065988915878  -0.012830131697  -0.007437265212  -0.005882020899
  79  B  15.087863635845  2.929479589785  14.864079554259  1.949933846300  -3.395529479193  1.919327312651  0.016235927879  -0.012254596334  -0.015132933833
  80  B  17.584305674777  3.169235532907  15.255712327043  2.005486633117  -11.955674851210  -0.824809034810  -0.018338315711  -0.014112645417  0.028151524107
  81  B  -1.348919456190  4.966317811932  14.923192692969  0.638502468513  1.256504337547  0.912242035147  -0.017925102589  -0.015951510645  -0.001202488011
  82  B  0.899266114107  5.015767325779  14.704439218749  6.248158970611  -0.548808047840  3.323143045338  -0.006197698039  0.008111957636  -0.024911920190
  83  B  3.694491104947  5.048102118668  14.874835158587  -0.747658635812  0.421611793174  0.784374995037  -0.019508789063  0.002407275284  -0.001131326822
  84  B  6.421707851781  5.139535570282  14.903977403157  -4.836708054621  -4.154147777767  -0.972476890209  -0.001977857940  -0.009516428524  0.000400375756
  85  B  8.919111980205  5.072635525663  14.663926910208  -8.779780682910  -3.807465569022  1.896900961850  -0.016600370822  -0.011141560790  -0.023228794444
  86  B  11.058672157986  5.041908301944  15.004348230015  7.938831028865  2.185685827314  -0.521424983751  -0.007732104602  0.006623682897  -0.001053182526
  87  B  13.794223970403  5.096457113055  15.353769855115  0.840011069658  -0.807412272876  -7.164494975745  0.006758381173  -0.009358943266  0.025170275471
  88  B  16.567418222881  4.877366429012  14.955844985709  -4.970136425366  12.310649302409  -0.303080699203  0.014444693043  0.022664729141  -0.009514698061
  89  B  -2.347841777597  7.358583936012  14.821928996571  -4.733194436508  -4.929673973534  2.561720282121  -0.003125857150  -0.011019793950  -0.013136283634
  90  B  0.168278060951  7.305036694335  14.943130632437  -3.260298971620  -8.511542406494  0.377145305921  0.008805378876  -0.026382240555  -0.000579646033
  91  B  2.583160773058  7.177248681967  14.851698250822  -0.939409664025  5.798447571583  2.564220316533  0.005421989018  0.011237908856  -0.010625416841
  92  B  4.926127073211  7.281697746704  14.966375760119  6.181992052960  -6.311474087709  1.864554043357  0.011233321270  -0.018083071326  -0.016873396753
  93  B  7.451918956606  7.155085823695  15.416721701811  5.601396141969  -1.392494878757  -4.623552921414  0.018196109282  -0.017576137554  0.019152869360
  94  B  9.894192874221  7.146180238406  15.176850148759  11.572096083625  -3.428627803777  -1.265597054036  0.028075501871  -0.026485490784  0.012010463228
  95  B  12.535117336703  7.093822556099  15.218602986661  -1.119303980910  2.735082370342  -6.331794342469  -0.010922802703  -0.012364910615  0.017988873760
  96  B  14.891151209945  7.312590380345  15.154853480392  6.958323529040  -3.241862160888  -2.430473015193  0.021411136686  -0.010884001829  0.016106031583
  97  B  -3.811482313048  9.245508567485  14.853204330032  -1.270804153673  7.536433554540  3.088448453249  -0.015691814311  0.003431510293  -0.011377680386
  98  B  -1.294993014713  9.282564677888  14.968109479202  3.990852071587  0.859961547451  0.667906287065  0.015218896934  -0.020947930466  0.003964488518
  99  B  1.411992642802  9.335153700038  14.808742703547  -3.525045226096  8.893476899140  -0.004993500881  0.010633143763  0.033330690445  -0.015764500319
  100  B  3.828793133877  9.388811381655  15.327349989100  -8.387010357002  -3.156481456970  -3.242087359789  -0.022873126326  -0.010637425073  0.017000788144
  101  B  8.941239028495  9.555739823306  15.346799408809  -1.789970600302  -3.660041799127  -2.550742719234  0.007554796683  0.003480991471  0.016937060727
  102  B  11.404505005019  9.346195064194  15.076881481636  -0.229283822999  3.374412987111  -1.237271445293  0.011978105102  0.013079311804  0.010335477877
  103  B  13.824909254175  9.537358833035  14.611364937986  1.849847542336  0.978299389261  5.623490746090  0.015428245765  0.022872426265  -0.029882695907
  104  B  -5.275220018455  11.667442465854  15.179519297345  10.582766813407  -2.373181077237  -1.246691882389  0.014339740791  0.000236445562  0.021092571795
  105  B  -2.389587645487  11.387251544112  14.828412303130  -4.122860566911  9.378634037336  1.957922499058  -0.001226591982  0.028396939199  -0.019477170375
  106  B  -0.120119996418  11.893462636249  15.009519307326  1.800205485486  -8.097748217507  -0.521752198169  -0.009065810274  0.001761178159  0.006275977972
  107  B  2.351494055663  11.583561380237  15.195640918811  1.500371123716  0.149472745978  -5.035971663563  -0.025650565363  0.001438992641  0.020970069891
  108  B  4.800920469475  11.457150967145  15.169741662512  8.588688265101  5.751754163488  -0.194268937679  0.013957877270  -0.008852486410  -0.003369338324
  109  B  7.420073763446  11.765354074056  15.164877195112  4.533694218764  -3.537367178455  -0.078313988883  -0.006291878104  0.000812720365  0.000176717243
  110  B  10.066168503204  11.728139203728  14.831509811489  -3.571695434447  -6.261416261654  1.006018544436  -0.015329099642  -0.008455602208  -0.011044359524
  111  B  12.537720065342  11.599545531772  14.877363007242  -11.139582174452  -2.530941896516  0.812931959241  -0.042581028017  -0.006000158360  -0.010528845631
  112  B  -6.218656249242  13.519588855741  15.067015176901  -2.584659110765  8.044710949876  -1.841917803768  -0.000448106782  -0.000806286368  0.003030714501
  113  B  -3.741733009956  13.921820352897  14.839642607179  -1.024858212934  -4.789686274927  3.677055057000  0.003014302448  0.009230762119  -0.010717717681
  114  B  -1.264143051053  13.747123505336  14.995930374516  3.116040497452  15.490953984266  0.647443458158  0.015990657174  0.046222539072  0.005111089793
  115  B  1.359895800362  13.906365261074  14.849768651840  -5.790265837237  -4.986666638273  0.360030573900  -0.018043154730  -0.005866890833  -0.011720292369
  116  B  3.888453322308  13.737147780604  14.970813717767  -2.971235842318  0.375058896798  0.326643558008  0.009606948584  -0.004376890007  0.000618258766
  117  B  6.338863625602  13.933400856773  15.355244414348  5.922627354169  -4.141443852617  -3.704731848477  0.050747284125  -0.002928334972  0.029351625348
  118  B  8.974536190884  13.837312997597  15.244629792867  -6.596081932311  -2.615981779711  -4.741933929620  -0.012856335851  0.001895213565  0.026315607886
  119  B  11.359306058919  13.686480517434  14.930436809142  -1.706215919851  1.537246095663  -0.860305804729  -0.000405521203  -0.008546365101  0.002070917908
  120  B  -7.531456644530  16.106577876756  15.327442629054  -0.004801650182  -2.399468154032  -5.674037527797  -0.005879266597  0.019734234918  0.026107912949
  121  B  -4.788856605839  16.065345718590  14.929276099794  -8.685700247913  -3.469771514446  1.975597427716  -0.008028678831  0.009760738833  -0.008206973399
  122  B  -2.380145660466  15.761805839198  14.798260759100  -3.053371747355  7.891831930430  2.987179820121  0.008948924172  0.004695131120  -0.013750661438
  123  B  -0.088904852944  15.783160777912  14.906614261733  0.407342046918  4.337034335620  2.334006634085  -0.013962285466  -0.000275589904  -0.010082580884
  124  B  2.353306504685  16.135444121482  15.093647212784  6.948571229269  -12.540239905042  -0.055375440339  0.003617593038  -0.011598960880  0.011627337410
  125  B  4.872958471342  15.737624812022  14.818345828448  1.255971595347  6.254873943214  2.441122558516  -0.008783127879  0.004486843319  -0.017947747371
  126  B  7.604999295601  16.157231429967  15.412572054031  0.798625072706  -7.522163199148  -2.734452524831  0.027394427954  -0.014822590282  0.037075747068
  127  B  9.748002181591  15.738522961537  14.880565765564  4.052964609147  7.391697915705  -0.624156203702  -0.029454936832  0.011091259228  -0.015770133622


