MDSTEP:  0
LATTICE_CONSTANT: 0.999999535502 Angstrom
LATTICE_VECTORS
  10.066593290040  0.000000000000  0.000000000000
  0.000000000000  9.968341479513  0.000000000000
  0.000000000000  0.000000000000  10.415461499310
VIRIAL (kbar)
  80.674306642035  -0.000103594724  -0.000085239410
  -0.000103594724  79.285677055401  0.003029767823
  -0.000085239410  0.003029767823  80.565350602331
INDEX    LABEL    POSITION (Angstrom)    FORCE (eV/Angstrom)    VELOCITY (Angstrom/fs)
  0  Hf  1.239609425487  1.151447891893  2.781802621379  -0.047264916664  -0.011683304251  -0.059276488160  0.000542169849  -0.000197900284  0.000426162131
  1  Hf  1.239609425487  1.151447891893  7.989530615223  -0.048088135827  -0.011479310034  -0.058853473515  0.000213513796  -0.000453674325  0.000810489692
  2  Hf  6.272903407003  1.151447891893  2.781802621379  -0.048288177248  -0.011452882365  -0.060135536663  -0.001432294203  0.000334061747  -0.000276884284
  3  Hf  6.272903407003  1.151447891893  7.989530615223  -0.047417473232  -0.011703200670  -0.057924635791  0.001357166748  -0.001541351233  0.000159123431
  4  Hf  3.793684556028  8.816888312603  2.425925372465  0.047417473232  0.011703200685  0.057924635820  0.000370653151  0.001010303072  -0.000717999880
  5  Hf  3.793684556028  8.816888312603  7.633653366308  0.048288177247  0.011452882375  0.060135536639  -0.000018590980  -0.000206882410  0.000211569856
  6  Hf  8.826978537543  8.816888312603  2.425925372465  0.048088135824  0.011479310030  0.058853473534  -0.001010279667  -0.000181187575  0.000035198805
  7  Hf  8.826978537543  8.816888312603  7.633653366308  0.047264916656  0.011683304228  0.059276488129  0.000634152035  0.000632113850  -0.001064794388
  8  Hf  1.277037565270  8.816888312603  0.177938624457  0.048747366508  0.011363734702  -0.060207657957  0.001317576017  0.000316797197  -0.000002366128
  9  Hf  1.277037565270  8.816888312603  5.385666618301  0.047933103796  0.012093240931  -0.058109567796  0.000096211589  -0.000480003221  0.000686023210
  10  Hf  6.310331546786  8.816888312603  0.177938624457  0.046677687132  0.011261605618  -0.059435989468  -0.000125959991  0.001128414074  -0.000156879899
  11  Hf  6.310331546786  8.816888312603  5.385666618301  0.047806326828  0.011619889434  -0.058918176119  0.000390398081  -0.000883492657  -0.000628691441
  12  Hf  3.756256416245  1.151447891893  5.029789369387  -0.047806326819  -0.011619889435  0.058918176121  -0.000195724142  -0.000558894725  -0.000738545486
  13  Hf  3.756256416245  1.151447891893  10.237517363230  -0.046677687120  -0.011261605614  0.059435989444  0.000159270388  0.000591694459  -0.000210386796
  14  Hf  8.789550397760  1.151447891893  5.029789369387  -0.047933103804  -0.012093240947  0.058109567778  -0.000282021262  -0.000458071860  -0.001186914687
  15  Hf  8.789550397760  1.151447891893  10.237517363230  -0.048747366527  -0.011363734700  0.060207657954  -0.000030907305  -0.000404115157  0.000934386506
  16  Hf  3.756256416245  3.832720210355  2.425925372465  -0.047225537250  0.011395593669  0.058835177423  -0.000125012015  0.001494739515  0.000029020261
  17  Hf  3.756256416245  3.832720210355  7.633653366308  -0.047187363157  0.011404204484  0.059163775300  -0.000625792521  -0.000030659567  0.000511654851
  18  Hf  8.789550397760  3.832720210355  2.425925372465  -0.048314453569  0.011699159242  0.057875621571  -0.000010885915  0.000157108000  -0.000619351831
  19  Hf  8.789550397760  3.832720210355  7.633653366308  -0.048251960705  0.011708586918  0.060147030266  0.000453710974  0.000961479617  -0.000955637237
  20  Hf  1.277037565270  6.135615994141  2.781802621379  0.048251960697  -0.011708586936  -0.060147030285  0.000119098888  -0.000584043051  -0.000109020961
  21  Hf  1.277037565270  6.135615994141  7.989530615223  0.048314453569  -0.011699159243  -0.057875621544  0.000471675047  0.000722179329  -0.000347963045
  22  Hf  6.310331546786  6.135615994141  2.781802621379  0.047187363168  -0.011404204474  -0.059163775298  -0.000402539204  0.000288240690  -0.000746891501
  23  Hf  6.310331546786  6.135615994141  7.989530615223  0.047225537269  -0.011395593660  -0.058835177395  0.000700831710  0.000411801957  0.000073740332
  24  Hf  3.793684556028  6.135615994141  5.029789369387  0.048418694575  -0.011808673930  0.058533190512  0.000043329505  0.000674178052  -0.000075360793
  25  Hf  3.793684556028  6.135615994141  10.237517363230  0.047198264864  -0.011333271771  0.059829228525  0.000309912612  -0.000232407012  0.000855423840
  26  Hf  8.826978537543  6.135615994141  5.029789369387  0.047199063774  -0.011807370056  0.058399475972  -0.000049058844  0.000454433913  -0.000062258517
  27  Hf  8.826978537543  6.135615994141  10.237517363230  0.048012244954  -0.011247465120  0.059753352619  -0.001278201993  0.001396394409  -0.000650701595
  28  Hf  1.239609425487  3.832720210355  0.177938624457  -0.048012244960  0.011247465127  -0.059753352620  0.000324007443  -0.000977714615  0.000707526077
  29  Hf  1.239609425487  3.832720210355  5.385666618301  -0.047199063772  0.011807370081  -0.058399475969  -0.000708418098  -0.000159366232  -0.001043955031
  30  Hf  6.272903407003  3.832720210355  0.177938624457  -0.047198264869  0.011333271753  -0.059829228526  -0.000815198730  -0.000373630909  0.000990654991
  31  Hf  6.272903407003  3.832720210355  5.385666618301  -0.048418694580  0.011808673933  -0.058533190506  -0.001695899334  0.000023230164  0.001128128921
  32  O  0.015046576838  0.225609293210  1.241328903817  0.010213912886  0.048790737401  -0.014759325804  0.003349240140  -0.002226086757  0.003120707983
  33  O  0.015046576838  0.225609293210  6.449056897661  0.000839431906  0.061619398565  0.000663669754  -0.001873363620  -0.001735783881  -0.002311482169
  34  O  5.048340558353  0.225609293210  1.241328903817  -0.018308213561  0.056157207946  -0.011541994459  0.000917071734  -0.003437738599  -0.001637562687
  35  O  5.048340558353  0.225609293210  6.449056897661  -0.009916055742  0.064159609876  -0.001748622241  0.000861523043  -0.000773703029  0.000642002899
  36  O  5.018247404677  9.742726911287  3.966399090027  0.009916055742  -0.064159609875  0.001748622241  -0.001849687439  0.001222083245  -0.001540088473
  37  O  5.018247404677  9.742726911287  9.174127083871  0.018308213561  -0.056157207945  0.011541994459  -0.000159200234  -0.001523026033  -0.001255034124
  38  O  10.051541386193  9.742726911287  3.966399090027  -0.000839431905  -0.061619398563  -0.000663669754  0.001708987214  0.001560505289  0.000178693452
  39  O  10.051541386193  9.742726911287  9.174127083871  -0.010213912886  -0.048790737400  0.014759325805  0.000293656351  0.001644740779  0.002985418155
  40  O  2.501600413920  9.742726911287  3.845192900739  0.010612568881  -0.045232725548  0.008129292160  -0.000141850131  -0.001870107932  -0.000368173472
  41  O  2.501600413920  9.742726911287  9.052920894583  0.007301875044  -0.058043017271  -0.018357357202  0.002834715535  0.001063814123  0.003560818042
  42  O  7.534894395435  9.742726911287  3.845192900739  0.000131303955  -0.061592987531  -0.001427730653  0.000603200115  -0.002805430183  -0.002605696640
  43  O  7.534894395435  9.742726911287  9.052920894583  0.002529440789  -0.065081297951  -0.010610984877  -0.001071978228  -0.004742588365  0.001784646804
  44  O  2.531693567596  0.225609293210  1.362535093105  -0.002529440789  0.065081297952  0.010610984879  0.004962342807  -0.003059294598  0.000695297831
  45  O  2.531693567596  0.225609293210  6.570263086949  -0.000131303953  0.061592987531  0.001427730652  -0.001714539915  0.000491964396  0.003752273535
  46  O  7.564987549111  0.225609293210  1.362535093105  -0.007301875043  0.058043017270  0.018357357203  0.000241286069  0.002372273555  0.003155663433
  47  O  7.564987549111  0.225609293210  6.570263086949  -0.010612568880  0.045232725547  -0.008129292162  0.001406955003  0.000205291710  0.000146104857
  48  O  2.531693567596  4.758558809038  3.966399090027  -0.002750876931  -0.065651426818  0.003102440966  0.004645726837  -0.000037230175  -0.000810611842
  49  O  2.531693567596  4.758558809038  9.174127083871  0.000096716418  -0.060983824059  0.009720211911  0.000564642962  0.001782211685  -0.002925098489
  50  O  7.564987549111  4.758558809038  3.966399090027  -0.007051116230  -0.059840684796  -0.002348349984  0.001201498769  -0.002959035323  0.002689761135
  51  O  7.564987549111  4.758558809038  9.174127083871  -0.010947423038  -0.042998618784  0.016915875640  -0.002686899739  -0.001638880792  -0.002635890219
  52  O  2.501600413920  5.209777395458  1.241328903817  0.010947423039  0.042998618782  -0.016915875638  -0.001734627340  0.000512013069  -0.002776509728
  53  O  2.501600413920  5.209777395458  6.449056897661  0.007051116228  0.059840684796  0.002348349983  0.001286106556  0.000068459134  0.001128667858
  54  O  7.534894395435  5.209777395458  1.241328903817  -0.000096716419  0.060983824058  -0.009720211909  -0.004310953525  0.000897623996  0.000789868902
  55  O  7.534894395435  5.209777395458  6.449056897661  0.002750876933  0.065651426818  -0.003102440968  -0.001622873195  -0.001714890057  0.005706444625
  56  O  5.018247404677  5.209777395458  1.362535093105  0.010922420284  0.063199217969  0.012789351749  0.001316189575  -0.000128266177  -0.001015853137
  57  O  5.018247404677  5.209777395458  6.570263086949  0.017045346487  0.057368508025  -0.001252678893  0.001929220447  -0.003892369001  0.002501530661
  58  O  10.051541386193  5.209777395458  1.362535093105  -0.001926483684  0.060353195639  0.015697930578  0.001218559735  -0.001116617748  0.004736319057
  59  O  10.051541386193  5.209777395458  6.570263086949  -0.008786780063  0.050482569486  -0.004890809181  -0.000693506542  -0.000372980347  -0.004488547220
  60  O  0.015046576838  4.758558809038  3.845192900739  0.008786780064  -0.050482569486  0.004890809180  0.001110730968  -0.001969095861  0.000272575563
  61  O  0.015046576838  4.758558809038  9.052920894583  0.001926483683  -0.060353195643  -0.015697930577  -0.001252872988  -0.001681728111  0.003931646522
  62  O  5.048340558353  4.758558809038  3.845192900739  -0.017045346487  -0.057368508026  0.001252678892  0.003060104791  0.002649248462  -0.001209233878
  63  O  5.048340558353  4.758558809038  9.052920894583  -0.010922420285  -0.063199217972  -0.012789351747  -0.002732341295  0.003215012883  0.003699032258
  64  O  0.649279750745  7.066883430476  4.560998324063  0.011268387122  -0.004702122948  0.023267925539  0.002546657794  -0.002025078847  0.001515107445
  65  O  0.649279750745  7.066883430476  9.768726317907  0.012991899559  -0.005095116531  0.083229288780  -0.002107392648  0.001279897986  0.000545067292
  66  O  5.682573732260  7.066883430476  4.560998324063  0.001272427962  -0.010799417882  0.042462641319  0.001618496634  -0.002892795346  0.000161223774
  67  O  5.682573732260  7.066883430476  9.768726317907  -0.000378783942  -0.010816766994  0.064279434747  -0.002256017710  -0.000792961937  0.001319213057
  68  O  4.384014230771  2.901452774021  0.646729669781  0.000378783944  0.010816766993  -0.064279434747  0.000416881212  -0.001376718081  -0.001921322006
  69  O  4.384014230771  2.901452774021  5.854457663624  -0.001272427960  0.010799417880  -0.042462641320  -0.000918324886  0.003571665615  0.004291023336
  70  O  9.417308212286  2.901452774021  0.646729669781  -0.012991899562  0.005095116532  -0.083229288777  0.002037736431  -0.002837413527  0.002230522594
  71  O  9.417308212286  2.901452774021  5.854457663624  -0.011268387119  0.004702122948  -0.023267925539  -0.001943576474  -0.001275033983  -0.002398105127
  72  O  1.867367240013  2.901452774021  1.957134327141  0.000429841855  0.011066333475  0.055925404446  0.002057587546  -0.001136395711  -0.003066758900
  73  O  1.867367240013  2.901452774021  7.164862320985  0.017296427997  0.003141104888  0.050118490796  -0.000858543589  0.002431772012  0.001797548832
  74  O  6.900661221528  2.901452774021  1.957134327141  -0.011534456454  0.012182778810  0.054512923794  -0.001956645186  0.000887921331  -0.001305566618
  75  O  6.900661221528  2.901452774021  7.164862320985  -0.030880646185  0.005978499483  0.051602940529  0.002853912866  0.000972293459  -0.000759150262
  76  O  3.165926741502  7.066883430476  3.250593666703  0.030880646186  -0.005978499482  -0.051602940528  0.003078654997  0.000584794339  -0.000654313423
  77  O  3.165926741502  7.066883430476  8.458321660546  0.011534456454  -0.012182778812  -0.054512923795  0.001077738801  -0.000112661452  0.006389589635
  78  O  8.199220723018  7.066883430476  3.250593666703  -0.017296427994  -0.003141104888  -0.050118490796  -0.001999250511  -0.001140826898  0.002618942043
  79  O  8.199220723018  7.066883430476  8.458321660546  -0.000429841854  -0.011066333477  -0.055925404446  -0.000288076792  -0.000244300711  0.002760259151
  80  O  3.165926741502  7.885620876269  0.646729669781  0.021159964391  0.009414461529  -0.069899092936  -0.000317271647  -0.004307506616  -0.002224178919
  81  O  3.165926741502  7.885620876269  5.854457663624  0.019603381767  0.009188682826  -0.036911072181  0.001049528190  0.001032271850  -0.001567199030
  82  O  8.199220723018  7.885620876269  0.646729669781  -0.011125501714  0.006429873191  -0.077709041276  0.005599524435  -0.000385791144  0.001776632082
  83  O  8.199220723018  7.885620876269  5.854457663624  -0.009408284383  0.006483387746  -0.029480288077  0.000943354919  -0.001375436178  -0.001223380246
  84  O  1.867367240013  2.082715328228  4.560998324063  0.009408284383  -0.006483387745  0.029480288075  -0.000243076620  -0.002412296586  -0.002189575089
  85  O  1.867367240013  2.082715328228  9.768726317907  0.011125501713  -0.006429873192  0.077709041275  -0.001079007929  -0.000421255380  0.001146432492
  86  O  6.900661221528  2.082715328228  4.560998324063  -0.019603381767  -0.009188682825  0.036911072178  0.001548398301  0.000575537304  0.000937086750
  87  O  6.900661221528  2.082715328228  9.768726317907  -0.021159964392  -0.009414461528  0.069899092936  0.000649551006  -0.000073702645  -0.004900834381
  88  O  4.384014230771  2.082715328228  3.250593666703  0.003445121476  -0.008619481911  -0.051561101960  -0.002766598645  0.003850262602  0.001532048173
  89  O  4.384014230771  2.082715328228  8.458321660546  -0.003593546641  -0.012676939158  -0.054629815079  -0.003621185166  -0.001792279515  0.000691015344
  90  O  9.417308212286  2.082715328228  3.250593666703  -0.007329295928  -0.011620251662  -0.052522067187  -0.002322801059  -0.003200178852  -0.000620114287
  91  O  9.417308212286  2.082715328228  8.458321660546  -0.008177564539  -0.010405509313  -0.055833344665  -0.001742270075  -0.000230556891  0.001637210182
  92  O  0.649279750745  7.885620876269  1.957134327141  0.008177564538  0.010405509315  0.055833344668  0.001072166437  -0.003621456668  0.001693998958
  93  O  0.649279750745  7.885620876269  7.164862320985  0.007329295930  0.011620251665  0.052522067184  0.002556457190  -0.000061942354  -0.002856448778
  94  O  5.682573732260  7.885620876269  1.957134327141  0.003593546641  0.012676939157  0.054629815082  0.001820753392  0.000716883433  0.000208440225
  95  O  5.682573732260  7.885620876269  7.164862320985  -0.003445121473  0.008619481913  0.051561101960  -0.003636388113  0.003751778407  -0.004753150718


MDSTEP:  1
LATTICE_CONSTANT: 0.999999535502 Angstrom
LATTICE_VECTORS
  10.058786091443  0.000000000000  0.000000000000
  0.000000000000  9.960575671829  0.000000000000
  0.000000000000  0.000000000000  10.407387539296
VIRIAL (kbar)
  87.070555495946  -0.279941032826  -0.170015268834
  -0.279941032826  86.272436984912  0.100092497700
  -0.170015268834  0.100092497700  87.636086232135
INDEX    LABEL    POSITION (Angstrom)    FORCE (eV/Angstrom)    VELOCITY (Angstrom/fs)
  0  Hf  1.239188976116  1.150352628003  2.780070790874  -0.049575344233  -0.040261646765  -0.092926350810  0.000540140496  -0.000199521044  0.000422509195
  1  Hf  1.238860271593  1.150096839062  7.984146176509  -0.063573614242  0.019553977906  -0.046629757338  0.000210726160  -0.000453950944  0.000808518118
  2  Hf  6.266604711124  1.150884638714  2.779367665141  -0.021232290626  -0.004708176517  -0.035974054335  -0.001435732098  0.000333989165  -0.000279784565
  3  Hf  6.269394418218  1.149009069301  7.983494783359  -0.072005569806  0.026333748781  -0.081997894193  0.001355413030  -0.001542637296  0.000155512282
  4  Hf  3.791114308138  8.811030241079  2.423328327536  0.048379726301  -0.046488554809  0.044863994278  0.000373647066  0.001010464637  -0.000716000623
  5  Hf  3.790725056467  8.809812951695  7.627949047164  0.041403458470  0.006053401090  0.082157370130  -0.000016185523  -0.000206634684  0.000215648136
  6  Hf  8.819123667513  8.809838649294  2.424081611427  0.105860755747  -0.003129188420  0.084829483593  -0.001007214942  -0.000181159440  0.000039122924
  7  Hf  8.820768208211  8.810652021137  7.626672557848  0.053210292496  0.010464611773  0.083223235864  0.000637559042  0.000633402521  -0.001062098201
  8  Hf  1.277366150364  8.810336670687  0.177796695271  0.062245572512  -0.019501402619  -0.024959000244  0.001322010753  0.000316922769  -0.000004672000
  9  Hf  1.276144666463  8.809539826388  5.382176212205  0.055356467047  0.028163705357  -0.117036062561  0.000099109655  -0.000479438208  0.000682032320
  10  Hf  6.305312827516  8.811148349577  0.177642190017  0.045869135055  -0.043396811087  -0.071992646216  -0.000123594090  0.001128776181  -0.000160604899
  11  Hf  6.305829257291  8.809136291962  5.380861370785  0.031440979856  0.019158944445  -0.093777480088  0.000392965885  -0.000883624217  -0.000633504561
  12  Hf  3.753146200750  1.149991606466  5.025153315120  -0.050461479468  0.018264576471  0.110846453585  -0.000198594624  -0.000559324821  -0.000734757226
  13  Hf  3.753501254104  1.151142297154  10.229372545924  -0.044879614422  -0.043168709994  0.055442365717  0.000156967475  0.000590867996  -0.000207508691
  14  Hf  8.782450277599  1.150092424589  5.024704888289  -0.053669252660  -0.014485593475  0.054647086246  -0.000285075782  -0.000459290470  -0.001185155662
  15  Hf  8.782701389598  1.150146405307  10.230517431435  -0.041908480751  -0.013236758283  0.071208030044  -0.000033392673  -0.000405221392  0.000938956475
  16  Hf  3.753216934211  3.831229507412  2.424075431895  -0.033622244685  0.050129855521  0.027639214884  -0.000127334474  0.001498034334  0.000031390479
  17  Hf  3.752716114771  3.829703986825  7.628249129854  -0.036319867222  0.034700762562  0.121784301489  -0.000628731544  -0.000029446126  0.000517104803
  18  Hf  8.782721424282  3.829891777346  2.423426982134  -0.060346455228  0.003477867545  0.106579323398  -0.000013836448  0.000157689875  -0.000615577581
  19  Hf  8.783186059937  3.830696213412  7.626781747231  -0.063775168246  -0.012491170742  0.077439094710  0.000451174691  0.000962507506  -0.000952955258
  20  Hf  1.276167564203  6.130251654197  2.779535541550  0.081471217348  -0.014790393008  -0.056353687443  0.000122736732  -0.000585396947  -0.000112290208
  21  Hf  1.276520170189  6.131557981078  7.982987657738  0.055116643661  -0.067789798109  -0.018520548923  0.000474985288  0.000720817534  -0.000350407462
  22  Hf  6.305036240001  6.131124015777  2.778897646669  0.061917559362  -0.026389356641  -0.045618741035  -0.000400026298  0.000287533070  -0.000750537338
  23  Hf  6.306139700003  6.131247587137  7.983409368846  -0.023925530925  -0.016819717137  -0.042247239015  0.000702224063  0.000411488193  0.000071086769
  24  Hf  3.790786985420  6.131509973011  5.025816542339  0.089456017683  -0.027861129878  0.060163186825  0.000047105399  0.000673840779  -0.000072232628
  25  Hf  3.791053556829  6.130603328440  10.230438452243  0.047629119662  -0.063562120732  0.059361839729  0.000312814238  -0.000234686108  0.000859577349
  26  Hf  8.820084941028  6.131290211370  5.025829642048  0.030602068238  -0.080075304708  0.060937326303  -0.000047008098  0.000452444801  -0.000059098787
  27  Hf  8.818855721755  6.132232262169  10.228932204558  0.074302449294  -0.083116384110  0.092700405772  -0.001276284190  0.001395365951  -0.000647285996
  28  Hf  1.238970776108  3.828756851961  0.178506656404  -0.043858608864  0.057039599292  -0.101471258117  0.000321875216  -0.000976934582  0.000703935054
  29  Hf  1.237938290143  3.829575280781  5.380446088067  -0.019524305896  0.008403537594  -0.054691824570  -0.000710993070  -0.000158993517  -0.001048148549
  30  Hf  6.267221885293  3.829360986195  0.178789805864  -0.062553645616  0.029998737327  -0.120772326234  -0.000819053526  -0.000372920761  0.000986847749
  31  Hf  6.266341081429  3.829757891785  5.382618341754  -0.008105497057  0.027067357434  -0.050627632801  -0.001699272443  0.000024306899  0.001126403231
  32  O  0.018387493480  0.223221974914  1.243483146561  -0.028509450424  0.070122099134  -0.046166145011  0.003347362556  -0.002192636932  0.003105718327
  33  O  0.013161647280  0.223716183705  6.441746187627  0.029134281235  0.075866628740  0.062637649154  -0.001866357335  -0.001696195147  -0.002294895863
  34  O  5.045336918165  0.222012446759  1.238725465910  -0.009164744065  0.117988934029  0.005361646279  0.000909779934  -0.003388945659  -0.001641207821
  35  O  5.045283894589  0.224679107002  6.444699181295  -0.038536860190  0.108887437597  -0.043104689889  0.000847840716  -0.000722335028  0.000629167672
  36  O  5.012508630717  9.736339709919  3.961784693404  0.043708668582  -0.068299903810  0.023584037847  -0.001835519376  0.001183450633  -0.001534119468
  37  O  5.014201782384  9.733596793628  9.165763738376  0.038975488109  -0.048008833244  0.024649143973  -0.000142089630  -0.001556117011  -0.001245478963
  38  O  10.045454731760  9.736678924637  3.963502885391  -0.014017610428  -0.107263841511  -0.006559484134  0.001706363186  0.001511252068  0.000176708347
  39  O  10.044036462305  9.736767033633  9.170005498835  -0.010125055671  -0.078348068447  -0.038540291360  0.000287839014  0.001608174698  0.002981488718
  40  O  2.499521622123  9.733252976860  3.841846393702  0.024455259804  -0.030549896654  0.031055670271  -0.000131423673  -0.001895013691  -0.000356750797
  41  O  2.502497427437  9.736183271816  9.049458731192  -0.044258026231  -0.076324330104  -0.051358618054  0.002826648046  0.001024433190  0.003543654595
  42  O  7.529653956868  9.732312648693  3.839605811303  -0.041171202142  -0.034282808202  0.045182594683  0.000591473510  -0.002837419017  -0.002595327802
  43  O  7.527979367676  9.730374284474  9.047684753100  0.033110537164  -0.044421080516  -0.036913697420  -0.001062390733  -0.004780802243  0.001772247869
  44  O  2.534692075946  0.222393610840  1.362177421398  -0.069657244716  0.111311073732  0.016399094265  0.004945959468  -0.003009411006  0.000704203302
  45  O  2.528015383204  0.225944101811  6.568922889043  0.029604108235  0.063293811313  -0.048671212917  -0.001707512031  0.000530182318  0.003742098683
  46  O  7.559359588219  0.227823491008  1.364640318252  0.001401009314  0.049586477029  -0.042683271564  0.000239768068  0.002407336133  0.003151754667
  47  O  7.560524352278  0.225652474976  6.565313551907  -0.027955280074  0.024216216141  0.000714997932  0.001396848420  0.000226470004  0.000144026651
  48  O  2.534375367963  4.754794645877  3.962514636318  -0.061358892422  -0.094565827075  0.024905828030  0.004631436134  -0.000085611934  -0.000803042447
  49  O  2.530294816706  4.756615639839  9.164092991609  -0.058972762963  -0.098578908053  0.048853583708  0.000547492867  0.001736012570  -0.002910605716
  50  O  7.560319953134  4.751874359008  3.966013645681  0.000386773679  -0.039797360518  -0.022987278574  0.001200794722  -0.002992326907  0.002685041179
  51  O  7.556430069886  4.753199695393  9.164384391864  0.009419224279  -0.024529606761  0.058603191105  -0.002690283059  -0.001661043726  -0.002615970254
  52  O  2.497928818731  5.206243747875  1.237584808187  0.027601707076  0.029692469822  0.024493213142  -0.001724882776  0.000534504249  -0.002777242151
  53  O  2.500948619285  5.205805235037  6.445187119995  -0.017525504666  0.084587550773  -0.024336252513  0.001284344953  0.000112111067  0.001123260735
  54  O  7.524739342315  5.206634810634  1.241153640343  0.097685101425  0.062657216145  -0.037496951197  -0.004286197496  0.000935908652  0.000776481212
  55  O  7.527428495489  5.204023494982  6.449763619134  0.051212804184  0.127459134445  -0.085842231663  -0.001608356181  -0.001658495357  0.005685812224
  56  O  5.015675063727  5.205609506346  1.360466790467  -0.028538104969  0.052209647558  0.034065242915  0.001312306004  -0.000093584683  -0.001002820537
  57  O  5.016289989084  5.201843345642  6.567671238427  -0.009153872008  0.138237837696  -0.018414813856  0.001933699667  -0.003837597076  0.002498316258
  58  O  10.044963937485  5.204620218056  1.366220298424  -0.060734407035  0.062698059841  -0.057421574430  0.001200978858  -0.001080708747  0.004728879534
  59  O  10.043049650793  5.205360939625  6.560679506090  0.025363236807  0.065877395584  0.070731016818  -0.000689259309  -0.000338278888  -0.004473561821
  60  O  0.016148375495  4.752867198176  3.842486217735  0.017712049997  -0.056420149321  0.010346610607  0.001119934259  -0.002003499254  0.000277469374
  61  O  0.013782515088  4.753151613678  9.049830390866  0.011479907173  -0.025287048835  -0.079020416939  -0.001250190591  -0.001709402598  0.003907342484
  62  O  5.047480502902  4.757483835531  3.841003193436  -0.061584582158  -0.102697017093  0.010810982297  0.003039708541  0.002603843652  -0.001206908709
  63  O  5.041689440099  4.758047887625  9.049598634736  0.032133517641  -0.114412332953  -0.063296928180  -0.002728913094  0.003164931339  0.003680097020
  64  O  0.651326456001  7.059351337553  4.558984926204  -0.002931997387  -0.008494086173  0.023158570761  0.002551942769  -0.002031269967  0.001530762585
  65  O  0.646672553631  7.062656459691  9.761723898056  0.012806483373  -0.022845325789  0.053361357631  -0.002101900678  0.001272864202  0.000586872281
  66  O  5.679785592086  7.058481713972  4.557636720121  -0.001675621007  0.038372714011  0.081945149584  0.001620135233  -0.002887632142  0.000198935607
  67  O  5.675910270823  7.060581709733  9.762492393772  0.073894125416  0.044336168196  0.055930224268  -0.002236290131  -0.000783713569  0.001356917209
  68  O  4.381031214467  2.897818838016  0.644287481173  0.003168843558  0.047120167696  -0.023904175190  0.000418405002  -0.001360739321  -0.001950017823
  69  O  4.379695404105  2.902767611398  5.854197914256  -0.020398857885  -0.096105643998  -0.142754505978  -0.000925862343  0.003549823795  0.004239804555
  70  O  9.412038553158  2.896356301389  0.648433945288  -0.029079309399  0.019563875452  -0.085341236820  0.002027258835  -0.002833069208  0.002182086249
  71  O  9.408057442014  2.897918687167  5.847514037590  0.028062342058  0.030532727555  0.000409950422  -0.001940623173  -0.001265794006  -0.002407609140
  72  O  1.867976874990  2.898059254789  1.952567029767  -0.002228866171  0.002919277193  0.107319467981  0.002059282540  -0.001133415840  -0.003020838591
  73  O  1.865065595023  2.901625318473  7.161120991368  -0.026087768130  -0.027043845598  0.037227851604  -0.000862129867  0.002427213283  0.001825857459
  74  O  6.893349099920  2.900084069901  1.954327936857  -0.005657272259  -0.011967735607  0.078721172228  -0.001963960323  0.000888955009  -0.001266786416
  75  O  6.898154210595  2.900166578684  7.158564535672  -0.071055734606  -0.059454397416  0.072527783336  0.002826260297  0.000957219434  -0.000722522673
  76  O  3.166559599293  7.061961034302  3.247403919785  0.013750016789  -0.034678441160  -0.049244468424  0.003095469341  0.000573165287  -0.000685452670
  77  O  3.164552692117  7.061261652770  8.458138523847  -0.023404793728  0.040717983084  -0.184533335036  0.001075329392  -0.000104174664  0.006324411034
  78  O  8.190857151370  7.060236130590  3.250677883920  0.011294495182  0.013345965380  -0.078289262633  -0.002003235778  -0.001138992599  0.002583045980
  79  O  8.192573545548  7.061130339522  8.454508477970  0.005804826351  0.017365956323  -0.111810728494  -0.000286768350  -0.000242666525  0.002712650500
  80  O  3.163160471641  7.875172593364  0.643982906222  0.005888251954  0.105478960920  0.002515121587  -0.000309455667  -0.004277540539  -0.002246928303
  81  O  3.164526911375  7.880512729929  5.848340897707  0.015458211313  0.022240143367  -0.014896015791  0.001061248490  0.001042880925  -0.001584534247
  82  O  8.198458392781  7.879093722210  0.647981682456  -0.068333427039  0.054141473306  -0.087065924633  0.005581639889  -0.000367936340  0.001728847462
  83  O  8.193802369270  7.878104014325  5.848686983704  -0.022031486892  0.048786590748  0.019315004050  0.000934894829  -0.001360260701  -0.001227777415
  84  O  1.865678733481  2.078678351545  4.555281820530  0.004756915706  0.034502898216  0.086270416214  -0.000239067035  -0.002406474486  -0.002157031119
  85  O  1.864843253059  2.080669567781  9.762323647346  0.013926548368  -0.028473108015  0.067913515205  -0.001072622688  -0.000432246016  0.001191616420
  86  O  6.896851991013  2.081665608461  4.558410971672  -0.065501461366  -0.057867315188  -0.000761636333  0.001524404319  0.000555932964  0.000949012642
  87  O  6.895952602802  2.081016248645  9.756273543798  -0.021278965308  -0.015881810089  0.130854317046  0.000637452693  -0.000081415513  -0.004845590967
  88  O  4.377848404796  2.084940766673  3.249590468479  0.045236206025  -0.063037101145  -0.044778893471  -0.002754919331  0.003832843158  0.001504645963
  89  O  4.376991628491  2.079296551253  8.452439459537  0.039044702948  -0.014482475736  -0.083928145175  -0.003614427119  -0.001802429644  0.000649960666
  90  O  9.407679374478  2.077888858059  3.247437844609  0.007174353241  0.029963163689  -0.087019125985  -0.002325374050  -0.003198136043  -0.000662891112
  91  O  9.408259696109  2.080859083162  8.453385367122  0.004530472591  -0.025317790259  -0.083244867235  -0.001745265347  -0.000241586969  0.001597027252
  92  O  0.649850915339  7.875858996784  1.957328139819  -0.000665972983  0.062866794163  0.035048003796  0.001075598920  -0.003603300078  0.001723261592
  93  O  0.651335068866  7.879419161316  7.156467346818  -0.017625445048  0.012172841221  0.110603983816  0.002556130979  -0.000054831028  -0.002810335668
  94  O  5.679988564613  7.880198367763  1.955842099762  0.005220084283  0.015964983901  0.061788226400  0.001825392880  0.000726307523  0.000243792711
  95  O  5.674528866008  7.883232281954  7.154570203856  0.060895532724  -0.093187050795  0.124855351299  -0.003623008943  0.003730355975  -0.004705089732


