MDSTEP:  30
LATTICE_CONSTANT: 0.999999535502 Angstrom
LATTICE_VECTORS
  20.076384618700  0.000000000000  0.000000000000
  -10.038192309400  17.386659230000  0.000000000000
  0.000000000000  0.000000000000  30.000000000000
VIRIAL (kbar)
  26.914965592383  -0.564022445941  -2.669723533727
  -0.564022445941  28.359862707316  4.841871682230
  -2.669723533727  4.841871682230  -3.927001837015
INDEX    LABEL    POSITION (Angstrom)    FORCE (eV/Angstrom)    VELOCITY (Angstrom/fs)
  0  Ti  6.345367992175  9.441212413932  16.397427622831  -3.300794283910  -2.935581267416  -1.203959834534  0.001140025717  0.001745510304  0.001728093879
  1  N  4.824480996992  10.027697243577  15.427361976178  0.659536730489  2.972798920084  1.503161640775  0.009162943344  -0.021670509310  0.015518675533
  2  N  0.201756393246  1.164748113651  15.104922306841  -1.030035904119  10.726097543149  -0.694259595855  -0.027257442406  0.000299209291  0.013403028516
  3  N  2.332125195904  1.792675231366  14.915985806778  6.098130268011  -7.588687632549  0.535581338844  0.034580065524  0.006199357990  -0.002647897843
  4  N  4.896791028732  1.095890200094  15.009629297264  7.958798365867  9.352674700489  -1.320674163501  0.002442655304  -0.010161589640  -0.008984023926
  5  N  7.671327480512  1.507963792021  14.879333636218  -0.932353448626  -1.885958485614  0.946234116779  0.017542619492  0.001351058475  -0.005977262147
  6  N  10.361104957147  1.452414481420  15.127512924846  -17.934811274816  6.955072109498  -0.200831605293  -0.009548814043  0.020238664910  -0.017514398386
  7  N  12.318666841264  1.607298509440  15.340823301966  3.836767093660  -7.623009089634  -3.349586050233  -0.004300132870  0.019000612687  -0.008384699202
  8  N  14.442879367150  1.683225719277  15.038213052101  9.143525271963  -7.242120682349  -1.432461891274  -0.038728252413  0.012396299188  -0.010911399790
  9  N  17.629873370658  1.841578055482  14.804040476036  1.035639244358  -24.731033226943  -3.760700771728  0.013423468456  -0.016505016399  0.015977601252
  10  N  -1.064737616587  3.372578295323  14.895109577866  -4.402969630825  4.045920242339  1.432649315377  0.002523570321  -0.001800856883  0.000393135629
  11  N  1.198775245637  3.600421244740  15.025860948667  -10.590905636036  7.480713184005  -2.424898032261  -0.008882745941  -0.002969568409  -0.016202357199
  12  N  3.811075773275  3.580604525224  14.836296558988  -2.471222689176  2.517141183607  0.294454218407  -0.000193345759  -0.002582851397  -0.004024774452
  13  N  6.086817579001  3.473905671691  14.775314151213  6.769645147829  1.368189769763  0.520329131624  0.001369340447  0.007629178090  -0.007839043312
  14  N  8.751877848713  3.651675237622  15.085232307211  1.352334886907  -2.292661865517  -3.175934304059  -0.007126039384  -0.015898011954  -0.021524061963
  15  N  11.337380130511  3.690370177128  15.133881731503  -3.662790678429  -1.199904801557  -2.678425840457  -0.015664411150  -0.011645837223  -0.021023528371
  16  N  13.868400051149  3.576873577193  15.043646729224  -2.224193522087  -1.467201730823  -0.940964048148  -0.007449016117  0.014264831927  0.001580224106
  17  N  16.274135018099  3.582215054378  15.055725432857  4.723282399233  4.199565490491  1.221959168770  -0.004522066879  0.010752353681  0.007204419667
  18  N  -2.313900635522  5.814978012846  15.029097336957  -10.948141429723  -3.017930698504  -0.890806258704  0.017829330498  -0.016378832411  -0.003636612560
  19  N  -0.420412497528  5.741824481563  15.008536047849  13.034973413939  -5.158507653838  -2.080861805425  -0.016341684461  -0.007237914314  -0.008508191336
  20  N  2.339285332114  5.832107483789  14.971384117491  0.881249383932  -1.587339354584  -2.287691183600  -0.021565973229  -0.012365300300  -0.018278325067
  21  N  5.016187975539  5.766834058310  14.849170512180  -1.396705588923  -9.014119836011  -1.067823228015  0.010906026410  -0.002191042145  -0.007351883806
  22  N  7.703210833637  5.809412525805  14.834163590096  -7.898837221799  -3.258896926387  -0.586585396655  -0.018974959279  -0.007274269692  -0.003995349867
  23  N  9.956745341137  5.769277277021  15.110107464050  1.419216372766  -2.176880222559  -1.572244096603  0.005110845850  -0.010383805257  0.003372018630
  24  N  12.397061049754  5.559343858109  14.773972171955  11.683289467189  8.253346166714  2.054706614549  -0.006834305182  -0.001571334090  0.021653078865
  25  N  14.905479702371  5.831257414218  14.860066506381  5.489886696712  -0.425150099643  1.777572732375  0.001415298120  -0.015675926824  0.016158098501
  26  N  -3.689342267678  7.847889497072  15.003636900397  -1.265818035889  1.659858963460  -0.795130574047  0.013711308493  0.004557006926  -0.008097640469
  27  N  -1.031163494336  7.794121165518  14.947637210060  -2.297460382545  -5.563723855564  -1.009465993076  -0.012826363226  -0.001254085827  -0.008908399737
  28  N  1.494368269197  7.961089027182  14.989850007712  -20.783289360480  8.543639997870  -0.743264971947  0.034395497039  -0.014479191845  -0.010049194816
  29  N  3.693406625524  7.903885287444  15.237628336591  5.435651404684  0.132721690130  -0.380489814924  -0.011643211989  -0.019935644038  0.000912148484
  30  N  6.224681866058  7.731774118508  15.404942348033  3.692239329258  0.715847083716  1.696350243373  0.009845179877  -0.011912760575  0.001497719732
  31  N  8.791360027810  8.099994793655  15.034909963870  2.102442827736  -4.358585887109  3.025721873416  -0.021750504855  0.008671972139  0.024411435273
  32  N  11.299018980832  7.729049929949  14.885919412689  0.815505071918  10.633101907189  0.452452974075  0.019402869228  -0.019890004417  0.015976084517
  33  N  13.734686711912  8.245909396445  14.844599954585  3.446515182793  -6.002404835123  0.508424407329  -0.009494715380  0.000591205688  0.000134770883
  34  N  -5.057910613474  10.243314419467  15.045204738444  5.569184721171  4.335229531728  0.792829823737  0.009385882168  -0.005537541052  -0.008978704768
  35  N  -2.542198484720  9.719301846777  15.062274019400  0.290079290333  6.145378154538  -1.174148024250  0.008476566472  -0.036194512913  -0.012438357995
  36  N  0.008797575347  9.870589826705  14.924151192503  0.361216959247  8.689314528261  0.214580086305  0.001256429828  0.013935190209  0.000624426933
  37  N  2.648854188267  10.192340746452  14.839931447028  -8.922147924700  4.731477959082  -0.217996841334  -0.021895555261  0.026303279126  0.003795195189
  38  N  7.691460159857  10.250442185696  15.562293744814  2.331513574904  1.228907936686  -1.134533363604  0.038076506343  0.014680943285  0.001775147567
  39  N  10.262224929457  10.300845909035  14.978311973819  -4.023309703168  -8.118083602733  1.444674994986  0.004672295163  0.017468882547  0.007668636854
  40  N  12.696976471051  10.196506434254  15.157044509213  -2.241286781012  2.111397384777  -2.146790065258  -0.011636882727  -0.021396190513  -0.000698328055
  41  N  -6.521962418747  12.205995100877  14.819577317802  8.263926515016  -0.377799603458  1.725241896097  0.009716175565  0.006080126314  -0.005533271795
  42  N  -3.807498605152  12.443254805310  15.051248695230  -0.555716858571  -1.238981418948  -0.228840696248  -0.006685227170  0.003245396344  -0.001669764014
  43  N  -1.417617869831  12.395308540697  14.861355525682  8.135126695669  1.658507259092  0.679822231660  -0.012666127910  -0.011334205218  -0.010908452854
  44  N  1.052986122782  12.598034503401  14.822091236461  0.897928114503  -9.972035192513  1.525630637441  0.013945224878  -0.020252043581  0.004411340012
  45  N  3.583759203534  12.449043602256  14.911922718964  0.467156585381  -5.566279040096  1.970145017476  -0.038509679327  -0.001306923761  0.001082527740
  46  N  6.078237813539  12.218871264041  15.312018477224  8.040527594765  3.211552462178  0.076604188696  0.022810066441  0.027703697580  0.017011260726
  47  N  8.654575050207  12.501500004491  14.972589026839  0.111905326933  -3.523753071855  0.460956268782  -0.024564009660  0.004915848328  0.014469495132
  48  N  11.207579109214  12.258456783094  15.002801800858  -9.615341020291  4.260909633074  -0.019420599502  -0.024085566619  -0.011350023813  0.004429767238
  49  N  -7.415768625730  13.835481728572  14.776058270863  -8.902403276428  11.659547616439  -1.067426650268  0.005459421824  -0.041630136216  -0.008200771433
  50  N  -4.951572399743  14.614140266536  15.043739029209  -2.180996296393  -0.407146427385  -0.586874981782  0.018144516483  0.007095561925  -0.011023905847
  51  N  -2.467392664301  14.451079252802  15.068615776044  2.587245245072  3.704252117978  -2.112224813002  -0.017298477247  0.011835411879  -0.009243072512
  52  N  0.062812066759  14.490070412181  15.100099559359  5.433607957460  6.914312898195  -0.812834470492  0.007327508296  0.035374018746  0.006298964586
  53  N  2.752117443623  14.621767972496  15.000394132151  -7.035942403334  -7.707091268011  -1.466310533757  0.019469602910  -0.011086707999  -0.003809996359
  54  N  5.140422669811  14.347738637507  15.086719636452  1.789093329098  4.378471462147  -0.138107985105  0.007714653721  0.002290317631  0.007562952814
  55  N  7.930688653249  14.855012829079  14.910445579733  -5.585772242969  -15.341516025229  -1.520216896129  0.022255404597  -0.007353629669  0.039136848027
  56  N  10.198426653238  14.435235501211  14.806463734747  -4.617225557145  3.146394778564  0.742919696823  -0.012540186860  0.017426973397  0.008634999358
  57  N  -9.033942319451  16.620508634791  14.920741834291  10.705273650760  0.783669311464  0.342073909520  0.008735052359  -0.022048313541  0.005181465852
  58  N  -6.253445390826  16.930245160906  14.907682791204  -3.213114384666  -18.643914845912  -0.016297460079  -0.005710467823  0.007674679255  0.000994529094
  59  N  -3.277290465721  16.620916144588  15.182605345695  -20.641974084036  7.961994674755  1.228230573461  0.009689373171  -0.004230693694  -0.004488002354
  60  N  -1.291149316758  16.718684942840  14.941930273052  2.821669304665  2.499416521018  -0.501111893853  0.024722880612  0.003454470085  -0.008908360062
  61  N  0.935723774818  16.530058412680  15.089558634939  14.241524299678  5.769155953674  -0.769779915548  -0.028830827551  -0.021234214987  -0.011588214936
  62  N  3.686311609297  16.672631357231  15.069313225652  -2.065730515446  1.405334917027  -1.270024139225  0.019300066962  0.025677805960  -0.013900151585
  63  N  6.366480910998  16.420262750771  14.893509078695  -1.943577393423  6.853222422152  2.608353416755  -0.006068459326  0.001988486363  0.016654151324
  64  N  8.701166595550  17.012865717164  14.919814384782  0.543199567701  -5.991257660933  1.716259337001  0.009879969623  0.019183164714  0.019721131771
  65  B  1.455059830015  0.685661887157  15.024234339500  -1.863390366598  1.068868576190  -0.350464102157  -0.006750605182  -0.008675308083  -0.006564804752
  66  B  3.564504383756  0.728729344372  15.039487841438  -0.898341982707  14.105475869675  -0.347898422049  0.009461834564  0.012216927727  -0.006293481631
  67  B  6.315678107901  0.509241740510  14.781362838042  2.060049702067  3.222630803259  3.284581153763  -0.004261583318  -0.001358021180  0.025191584731
  68  B  9.041375155504  0.795017639309  15.255047347360  -4.411042230689  -0.092704524352  -4.137045703566  0.015353285237  -0.013222424864  -0.013943111527
  69  B  11.309425075319  0.781406236505  14.737687121137  5.194474935492  -7.476824836749  2.660155584938  -0.016294144574  0.002102973446  0.019756848468
  70  B  13.446685484335  0.782822525735  14.861615945546  2.956513794792  -0.831607627890  3.802542212791  0.003271795123  -0.031555787233  0.036310752556
  71  B  16.550567541812  0.556667995418  15.183082085449  -1.999531417074  -0.104797941748  -3.361971295862  -0.006768797297  -0.015715541911  -0.033092189435
  72  B  18.995630827945  1.019939900271  15.122931397278  -6.720296822198  -4.380693852310  -1.925372917220  0.009538361686  0.016495340960  -0.029801145566
  73  B  0.152921659077  2.643902930907  14.749339744972  -0.716940695062  1.481195721752  3.496491662391  -0.012754188588  0.010338434657  0.016660861146
  74  B  2.396476721840  3.403151319130  14.947698820017  11.988781260552  -10.334260318535  -0.413630046629  -0.033781290139  0.026372123123  0.002906436790
  75  B  5.034271005969  2.566089442089  14.817512498930  -3.491950829278  1.854203930902  0.877529570578  0.001708161563  0.004178195810  0.002675707251
  76  B  7.514718703393  2.918884285404  14.938235835005  -0.745171830843  -1.802631658015  -0.541831832641  0.010157302142  0.004284882630  0.006968424403
  77  B  10.129676059598  3.002036321406  14.753520372763  -0.229588597460  -1.593764311743  5.562315461200  0.018274719220  0.018314213909  0.052972181921
  78  B  12.495532697641  2.890206260568  15.036609182981  2.531210760063  5.310691457303  1.227428900046  0.000507619346  0.005903466942  0.033122433382
  79  B  15.168295183295  2.787696084821  14.824932714976  -4.697100065135  2.889219139052  1.894602300338  -0.012132563606  -0.001707830536  0.007138137668
  80  B  17.559835617732  2.854920599229  15.374446504198  -0.547925871848  15.970399540241  2.413436170542  0.013196978573  -0.009321348463  -0.005478265526
  81  B  -1.426803064977  4.783233138810  14.926645751159  5.421343093998  -0.346121516104  -0.064361596633  0.008580158679  -0.010074191212  -0.000197886265
  82  B  1.046435536246  5.145422477151  14.684884699088  -0.033223547291  -1.540578395208  4.340462892064  0.017175134209  0.013162458151  0.024409036170
  83  B  3.587237961703  5.044574490517  14.885623962873  4.207848371533  0.506010215020  -0.352224195851  0.011241706207  -0.008617097640  0.001915343453
  84  B  6.257773088516  4.921212895802  14.864314584119  -1.553436269587  2.360637475159  -0.791577517552  -0.026110115536  -0.023349084042  -0.008046893767
  85  B  8.712991289293  4.976004576822  14.655927344416  5.901790298142  1.678366782303  4.069800290079  -0.005005144102  0.000529412505  0.024457019284
  86  B  11.257628622709  5.117596001895  14.979659203115  -7.727041597184  -5.047063130791  1.736638341964  0.026432561471  -0.000884807556  -0.000937798363
  87  B  13.877593576305  4.870174462810  15.190105921721  -2.842408508945  6.243686690563  -3.404065776276  0.002133142370  -0.027369773693  -0.049249032846
  88  B  16.461294219044  5.233457000567  14.875994607976  -6.269141960175  -3.833202424626  1.645946103359  -0.033801322683  0.023527389727  -0.003836646080
  89  B  -2.440520658549  7.187953356313  14.830114362264  3.206935918952  2.273274084309  1.938406205448  0.002859702039  -0.010362569732  0.013955953455
  90  B  0.169821240126  6.944253815253  14.970816327779  -2.128805145541  7.262647405284  0.135179164219  -0.006518299443  -0.016573871313  0.005712673538
  91  B  2.511535930953  7.430936147730  14.892832939027  12.046847868475  -13.718644548859  -0.430680345366  -0.009487581953  0.018338998807  0.015337761568
  92  B  5.070771306643  7.031594919054  14.950820388355  -1.191744076258  9.803554072972  3.625547318170  0.007354152335  -0.005205931218  0.016161696748
  93  B  7.745480991269  7.066755490438  15.351323466456  -3.843442749541  6.201446719263  -2.323325474491  0.030502286288  0.012958609514  -0.028336554634
  94  B  10.215339684252  7.126264288959  15.154888870395  -10.265827752942  0.311200931636  -1.088970368912  0.005657414511  0.022633636271  -0.014255476057
  95  B  12.349889734735  7.043729592622  15.082135078904  9.768147711173  -1.300924538517  -3.209327788303  -0.005561967950  -0.001095020890  -0.038839302243
  96  B  15.161043227133  7.252718602032  15.111162153511  -6.107086673796  0.156932596149  -2.754589048296  0.009516990011  0.003785924055  -0.023970531946
  97  B  -3.980363453664  9.435202077101  14.911058329382  9.364364303815  -4.321695387622  1.605872068782  -0.003522831449  0.019120645650  0.020434641917
  98  B  -1.125580564367  9.055805217874  15.035331253653  -4.471964306906  8.470261813518  -0.278535947071  0.002212714796  -0.011257267938  0.007545336898
  99  B  1.335366983334  9.638966299284  14.725921067403  0.336191821062  -6.800654328296  1.706028391676  -0.013066101305  0.003861617494  0.001775236331
  100  B  3.488355064039  9.295745370913  15.382214700062  8.187334353954  0.232259079064  -0.517791132295  -0.019208390049  -0.007070163204  -0.002849334742
  101  B  8.919385180088  9.455482616363  15.361393001076  0.766740552047  1.708341166475  -2.433937632784  -0.013965328754  -0.019210339175  -0.013316439443
  102  B  11.555393585135  9.552447505059  15.090234164573  -5.802954323361  -3.711783040146  -1.036625211730  0.014565926228  0.015990375642  -0.007151152494
  103  B  13.930644268200  9.676010099689  14.632723766669  -7.045569342909  -6.664412006130  2.864617556403  -0.008701794325  -0.004394367606  0.030366486317
  104  B  -4.982743683262  11.684870486631  15.244455153005  -4.833316800494  -1.441989804903  -3.480075901081  0.019777174086  0.006461680768  -0.012315695192
  105  B  -2.570980469503  11.806736732130  14.797208089643  -3.119768469064  -5.952349102337  1.869240382622  -0.032459350641  0.035382922140  0.011811883692
  106  B  -0.169736240176  11.665974106632  15.014807074528  -0.825059966987  -0.362300009747  -2.291836806140  -0.008248958562  -0.028529376107  -0.008812682511
  107  B  2.170202771596  11.693361552127  15.153502591109  7.224686992345  1.418168246750  -3.864421704723  0.003054014321  0.022876962723  -0.028140157212
  108  B  4.913562499859  11.565674709701  15.131185892900  -5.780235930317  -2.090672996813  0.608835235363  -0.015252492286  0.013593957776  -0.002835757506
  109  B  7.432693176789  11.632093174571  15.183073225465  1.390894272181  0.267428234383  1.070663682092  0.004892357911  -0.021019342514  0.006056347778
  110  B  9.963721737443  11.594119404650  14.814661180416  -1.427176364160  4.637279780569  2.227914037660  -0.001450414845  0.001410071081  0.009282969748
  111  B  12.208223779700  11.561099792114  14.824657335114  13.745403613950  -4.610223901781  1.386188933889  0.016736927074  -0.001483720543  -0.000004638794
  112  B  -6.249521712881  13.703750188286  15.037596422441  8.892131679874  -2.114260239656  0.080773287789  0.006417298147  0.017975117642  -0.008059493280
  113  B  -3.735847983087  13.841191565566  14.918033905726  -0.189864252432  1.295180142109  1.912178487879  -0.001698647818  -0.018483784435  0.022502191647
  114  B  -1.074917201165  14.043935308260  15.046333067797  -12.697192528516  -9.784337920702  -0.776971860581  -0.012269492409  -0.016308756481  0.002792474428
  115  B  1.298789952714  13.919073504340  14.794884920898  2.646816845113  1.988416969938  1.965223562116  0.018200410621  0.021711105990  0.002723881097
  116  B  3.841826276985  13.793206360962  15.001620471493  2.005310867072  -1.182108904570  0.221995087891  -0.012444133936  0.014287628362  0.005070096583
  117  B  6.558098099579  13.769467693524  15.367334167953  -6.304119543857  0.440434598566  -3.122027188902  -0.014431756619  -0.024105392448  -0.027926639923
  118  B  8.810911827463  13.941250422611  15.173777640395  8.146513009134  -5.699927455771  -3.232018557936  0.000832482181  0.015589265559  -0.036651948244
  119  B  11.354182411600  13.647891347859  14.924587092273  -0.995630017730  0.990660517556  -0.568449739693  0.002730953625  -0.001087572334  -0.001980395266
  120  B  -7.640518576813  16.423508859063  15.350741076743  -1.068920647124  -4.102993223854  -1.969285307315  -0.014392850994  0.035653748378  -0.018004282391
  121  B  -4.988463630210  16.057222402897  14.981133342325  0.651681958729  -1.335786274869  1.081372559846  -0.014815701304  -0.021146603934  0.017160249819
  122  B  -2.388604576027  15.908609521541  14.810066252833  6.570610356846  -7.571806959636  -0.438446386516  0.000971666692  0.002904505306  0.012113110521
  123  B  -0.191417638693  15.980215613628  14.907432631308  1.037849954855  -4.199614654187  0.964879420843  -0.003486562007  0.018997993515  0.009063375665
  124  B  2.436370790732  15.829762373263  15.198013767549  -1.529890154896  9.425574431067  -0.664967966277  0.005935037803  -0.018046981212  0.007187967923
  125  B  4.910652681387  15.932595258837  14.822703496183  3.725772754752  -1.518174941913  2.958027546889  0.016355515255  0.016747809795  0.020338233862
  126  B  7.784638310558  15.937649306159  15.386429697840  -5.378042418262  16.335888712454  -0.587456999686  0.003707704748  0.005968968869  -0.037517610231
  127  B  9.879681011902  15.990022478439  14.657288353696  0.292957243563  -0.629005091634  1.807390136246  0.042851436450  0.017847384842  -0.021268338694


